1.48872797732353e+02
4.20622276561052e+02
2.46012794608517e+02
1.51307688065250e+01
5.51426964148652e+00
2.52024188610738e+00
1.67676461682156e+00
1.28160558741933e+00
7.39305069836149e-01
5.52484314701339e-01
6.21298610976768e-01
6.29447565568963e-01
5.99052546702863e-01
5.63090152242953e-01
4.95383922345762e-01
3.68999310833888e+02
4.85329396458873e+02
5.89484323769961e+01
1.28958085463650e+01
2.63480836810265e+00
1.38272949613684e+00
1.03289313720891e+00
5.81486949406122e-01
4.64149218929599e-01
5.40679516016291e-01
5.66716383609721e-01
5.62405009509732e-01
5.59741509695105e-01
4.93651909492843e-01
4.56844544362173e-01
5.86401660737922e+02
4.42811077883710e+02
5.76267477284616e+01
2.46797897372909e+01
1.45076189654634e+01
9.45709582580287e+00
4.04889619612840e+00
1.32102945609658e+00
7.58487288572755e-01
6.43124742905425e-01
5.94784794846495e-01
6.13287033170263e-01
5.42872009852665e-01
4.22839120246332e-01
3.12845338091474e-01
6.34901754995687e+02
3.70686493818681e+02
1.52336141858932e+02
1.09651891436502e+02
7.13686749646365e+01
3.01261426828250e+01
7.15678432071477e+00
2.62629098468686e+00
1.29780311596135e+00
8.96721574147692e-01
8.08481534978665e-01
7.10143945258296e-01
5.54845141296086e-01
4.61916368240164e-01
7.28039448051614e+02
3.99745249824411e+02
3.81714126387098e+02
2.51119447557891e+02
1.10030145969839e+02
2.46363957235714e+01
8.39986479461335e+00
3.15196683331331e+00
1.72484922437266e+00
1.21207603108261e+00
1.01329611676690e+00
7.90654868434292e-01
5.56303881953821e-01
5.19261352431375e-01
5.39631826929764e+02
5.32155223634854e+02
4.03442033881404e+02
1.79724881391265e+02
4.18608508156052e+01
1.40397654380563e+01
5.05178877680618e+00
2.46633261763774e+00
1.48730671245587e+00
1.18665828331194e+00
9.07558565045547e-01
6.67837245921292e-01
6.68663839578305e-01
5.28334238319413e-01
6.35038269248923e+02
5.62452252409212e+02
2.54291199662636e+02
6.13398668207292e+01
1.99879519033850e+01
7.58127623410060e+00
3.24813961112457e+00
1.74519865364692e+00
1.28723316433002e+00
9.75331231499155e-01
7.27851390724669e-01
6.42507753374482e-01
5.23352362242890e-01
5.74718172547558e+02
3.19385384936346e+02
7.54735546902761e+01
2.85739060797878e+01
9.78542974688644e+00
4.13842308423945e+00
1.97184914230382e+00
1.31647892073523e+00
9.71841697257039e-01
7.18670977788699e-01
7.00190908484319e-01
6.05366498212667e-01
4.46734803878005e-01
5.22360865588369e+02
1.41777760362925e+02
4.70284769794887e+01
1.74986886285632e+01
7.18030625258309e+00
2.76414788331714e+00
1.58523117396848e+00
1.02266141784247e+00
7.38191571761079e-01
7.31704881413648e-01
5.65066658897488e-01
4.35180223258979e-01
3.11841720887641e-01
3.48897774404655e+02
1.24642760376527e+02
4.48650292974932e+01
1.55227776139691e+01
5.60653820468101e+00
2.59930807291294e+00
1.32245096350727e+00
8.45098480649376e-01
8.14901151849729e-01
6.81013757258178e-01
5.57796953900470e-01
3.84186783370787e-01
3.44716096642645e+02
1.02713329199643e+02
4.55546055913434e+01
1.23203994198332e+01
4.73478547312254e+00
1.96686240362932e+00
1.01819188198954e+00
9.33910198372429e-01
7.65371830214929e-01
5.70785648091630e-01
3.95721980852231e-01
2.78792208684282e-01
2.32564982963339e+02
8.57117062759506e+01
3.06399221762759e+01
8.98193047612364e+00
3.25122303313221e+00
1.31276921152163e+00
1.03821702189825e+00
8.02448820118660e-01
6.29147881067598e-01
4.92248982139352e-01
3.39991245944276e-01
2.50681310333147e-01
2.76107335274593e+02
9.11612801882962e+01
2.32456603144712e+01
7.20323172274300e+00
2.55525581961957e+00
1.48292082160704e+00
9.91145344438895e-01
7.23935278161074e-01
5.01356158184517e-01
3.62185449572126e-01
2.21517529693210e-01
2.03914966114000e+02
1.02039486224268e+02
1.69607438049626e+01
5.83886326764493e+00
2.58558002595211e+00
1.39157450658841e+00
8.78897885149779e-01
6.34330226902527e-01
5.53507888249484e-01
3.26616850650883e-01
1.94482466759521e-01
2.40825616111833e+02
8.16838742636446e+01
1.86679569524594e+01
7.28194652948242e+00
3.04954908264029e+00
1.46258863338679e+00
8.92598777731583e-01
6.32316295523360e-01
4.54056079422446e-01
2.34851888883756e-01
1.47819908268978e-01
3.15984708369020e+02
5.45103390170251e+01
2.09395550870761e+01
7.50128172099116e+00
2.78612547794616e+00
1.34798362974985e+00
9.59377162015196e-01
7.34987008545121e-01
4.07298651638122e-01
2.11571603297176e-01
3.48181896637977e+02
6.72268040888992e+01
2.33615972492911e+01
6.70350539715401e+00
2.52719845033011e+00
1.56102139536350e+00
1.01864971775110e+00
8.02748604394212e-01
3.58587203283038e-01
1.60411478699826e-01
2.86460182981630e+02
8.35921469099705e+01
1.94299849531406e+01
5.52644273036185e+00
2.78387960612421e+00
1.71031940318221e+00
1.08533102290099e+00
6.70247680074994e-01
3.56273221269968e-01
-1.09766783520005e-02
2.23098898837699e+02
5.24003988091301e+01
1.20008972736017e+01
5.04396203249038e+00
2.68955052727618e+00
1.46303708049359e+00
1.09840212300252e+00
5.59643564931851e-01
1.85098017046512e-01
1.05632780532241e+02
2.36177436730162e+01
8.27236716192687e+00
3.86490139953989e+00
2.00958591211097e+00
1.31597324865666e+00
1.36305343658343e+00
5.86798062707583e-01
-1.05482744661064e-01
6.11588840230997e+01
1.95696266348017e+01
7.32153526478712e+00
3.23501409450724e+00
1.67129610412864e+00
1.46384103435975e+00
1.12202646523839e+00
3.93211757692958e-01
-2.52128473666771e-01
6.08029766327008e+01
2.00040736410007e+01
6.89807110170674e+00
2.97075701561095e+00
2.03066774976131e+00
1.98719203693776e+00
1.09403135621338e+00
-1.00195267065702e-01
6.28855582015558e+01
1.68760294876654e+01
5.83521731796517e+00
2.78764845897992e+00
2.89315274923579e+00
3.91500296450285e+00
1.22467690865258e+00
-4.36951549275279e-01
5.33951756689975e+01
1.34022455988121e+01
5.29921403039443e+00
3.71147920194117e+00
3.37130879271356e+00
3.38326269008029e+00
4.82858111581684e-01
-8.91432272741311e-01
3.97423386991685e+01
1.26575221850676e+01
6.12232593924720e+00
6.57889778047697e+00
6.44682518435954e+00
2.78206965277400e+00
-7.39098023536239e-01
3.03301509134497e+01
1.24537042013053e+01
1.01019152413279e+01
8.88873702538461e+00
1.40465241114711e+01
2.23408062327717e+00
-7.89269975970453e-01
3.24822940050139e+01
2.00924793589761e+01
1.85972844743620e+01
1.27120078620708e+01
9.60630661431409e+00
1.73217565092370e+00
-1.00846590889070e+00
4.26344386084634e+01
4.95510184150859e+01
2.52955200402041e+01
2.27831598826804e+01
7.03433136629245e+00
-7.73568009943995e-01
8.85684586966255e+01
7.20732084949856e+01
3.60245603190777e+01
4.51053336324722e+01
8.48579829551159e+00
-1.14290111448663e+00
2.80407450683932e+02
7.68405432832022e+01
4.77713854638221e+01
2.72707468120919e+01
4.34426966674795e+00
-5.86228191937238e-01
4.34917649992774e+02
1.20296703262851e+02
7.46853483421685e+01
2.26639061414680e+01
-3.78319583310749e-01
5.06667362593189e+02
1.81974457435831e+02
1.31788320323206e+02
2.16531573070441e+01
-1.24364386470621e-01
6.15973056506606e+02
1.97020718573315e+02
1.00409389819152e+02
1.47283261077788e+01
1.20998857381923e+00
5.58855583919607e+02
2.33670428488367e+02
6.43204049081490e+01
7.49774578255085e+00
5.93144236784540e+02
4.61446310403324e+02
6.95983358350375e+01
7.35684827765494e+00
5.54230341129521e+02
2.72253476119547e+02
6.05070885302784e+01
1.69774410320807e+01
7.17595459959458e+02
1.79367671131852e+02
5.87916362535870e+01
6.65261798428699e+02
1.97089588325642e+02
6.73742624543352e+01
5.33114122719510e+02
3.35456600801083e+02
7.49635284851095e+01
6.48789378362738e+02
1.53511557886518e+02
2.44674713295030e+02
5.90459493481093e+01
3.58051278978356e+02
1.28854925608834e+02
1.37729608969219e+02
2.96055964482483e+02
3.36134354635063e+02
