1.12849302698183e+01
2.59909381653419e+01
3.31454593099348e+01
-8.77530697892649e+01
5.82218712980112e+00
1.07607919787085e+02
1.02830614430278e+01
4.18107870018646e+01
1.05056350723701e+02
1.53005306293759e+01
-6.03523083680187e-01
9.49707140672292e+00
1.86243477574545e+02
1.84373643504175e+02
3.37024103308824e+02
5.58824302281508e+02
2.40384648039232e+02
3.39060216501275e+02
5.65694031187225e+02
1.47646966252338e+02
2.41841407107305e+02
9.69381300264827e+01
6.04371502087369e+01
-2.56625295443249e+01
1.00286761330562e+02
8.71956228301406e+01
3.22458878439500e+01
-2.16276181958595e+01
-2.29007775979439e+01
3.14098805232223e+01
4.47369587886475e+02
-1.25681836862246e+02
2.37624279719790e+02
1.91970990945223e+02
-5.77832653926705e+01
2.83043756141713e+02
2.37758091074651e+02
-1.86116147629456e+02
5.97958078874688e+02
1.04251763510959e+02
5.61864583904024e+02
4.26313121510969e+02
1.17682089537780e+02
9.69239740969462e+02
8.07016111585637e+02
5.17162411741818e+01
3.89760384583888e+01
1.30966155206317e+00
9.50289439473468e+01
8.24064383941067e+00
7.82501196588029e+00
1.42854530092087e+01
1.48231103581868e+02
3.54550166863420e+01
2.20485044484422e+01
2.09221060875747e+02
1.81992875197437e+02
3.60619155490736e+02
5.79593473781749e+02
2.81551358332924e+02
1.57514378543857e+02
4.24395360807194e+02
6.35859972211377e+02
1.25875850846354e+02
1.93328904421105e+02
1.29461056953484e+02
1.22248499189247e+01
1.95080792728157e+01
1.46264160183148e+02
9.02797763464558e+01
9.31723590335091e+00
2.65875509738168e+01
7.79450790337121e+01
6.26588287775100e+02
4.80090072914534e+02
4.85872918027715e+01
4.23905156112556e+01
3.33845511242738e+00
5.70604963854633e+01
4.41374865419888e+02
1.19288262719357e+02
2.53238461376008e+02
3.34082028839306e+02
3.79892346210722e+02
2.83662389182115e+02
1.97502097948605e+02
5.43829742027337e+02
4.63191143812674e+01
8.73079348859248e+00
7.73569171201310e+00
9.29755407984359e+00
1.86981021347249e+01
5.16570723127505e+01
4.77705058491599e+01
4.56261573243394e+01
1.12259566835033e+02
1.89852635209704e+02
3.61400058996464e+02
1.82661809874478e+02
1.02829040266963e+02
7.01594818054417e+01
1.36759072780487e+02
2.08630746899123e+02
3.87801061535160e+02
2.61456991667275e+02
1.30147276026552e+02
8.63165699144134e+01
2.57272510364403e+01
5.55956500436628e+01
5.19398893792482e+01
1.01633876296354e+02
2.60107020141721e+01
7.26541081179680e+01
8.40903530938971e+02
7.41171505606084e+02
6.63761144231396e+02
-4.05839209925871e+01
6.38377181040290e+00
9.58935548008222e+00
3.85295760409790e+02
2.91721144973837e+02
5.99867393123020e+02
4.07214452501119e+02
5.04753595093551e+02
2.92900389271840e+02
3.12279281525416e+02
7.01452948847223e+00
1.36975236429254e+01
2.23696098698101e+01
5.18896816672073e+01
5.80886843731212e+01
5.04898926551421e+01
1.25965066637048e+02
1.55546097076552e+02
9.74051443245951e+01
1.19856233136972e+02
7.39803292781291e+01
5.19289025352386e+01
5.00257576611245e+01
4.56801550901960e+01
1.50061510710468e+02
2.21086605912676e+02
1.51322681806983e+02
1.42204505204134e+02
9.07178011028457e+01
5.66444434061337e+01
4.94674947967959e+01
5.95822702665450e+01
6.20121874159219e+01
8.44430699247880e+01
1.07379577365450e+03
8.53625754695118e+02
6.02082830142247e+02
5.19213733594275e+02
-2.77651202360367e+01
8.09591849327515e+00
3.08120442580186e+01
2.49876785410300e+01
8.13393759291399e+02
8.54061622575972e+02
6.40246222319843e+02
7.28579766640380e+02
2.71031079344094e+01
6.07810487331100e+01
5.42710304339743e+01
5.65632857242221e+01
1.24298116404772e+02
7.76604057618378e+01
7.20549625467887e+01
7.82458931459139e+01
4.23602837214934e+01
4.34021387443071e+01
5.07477563221215e+01
5.81989066532105e+01
3.52070122453126e+01
1.00110315770067e+02
1.64353408224500e+02
9.38411250541701e+01
1.06550413443808e+02
1.30376401162288e+02
5.58551203724767e+01
6.19694513745856e+01
7.47668389386799e+01
1.29585569721151e+02
1.17525124496312e+03
7.32170706712639e+02
6.91270828674038e+02
2.75964158445311e+02
1.36888213339643e+02
-6.61158432077738e+00
2.22157805359722e+01
1.01176507297135e+01
7.38832647903770e+01
1.38690027657064e+02
1.15303786523453e+03
6.92263191782113e+01
6.63023063501064e+01
7.80270393061017e+01
7.93537295021205e+01
8.03605469489851e+01
4.72194794486143e+01
3.99920860984841e+01
4.50034767746498e+01
4.61418816641897e+01
3.15358554494287e+01
3.70042260717747e+01
8.89127039388969e+01
7.73348461728736e+01
7.66300891750894e+01
8.65586631017592e+01
1.14279329383289e+02
1.16766919083686e+02
7.21450326578876e+01
7.81161673898061e+01
1.49933071806566e+02
1.01195383710025e+03
7.80173009299514e+02
3.47420798239451e+02
2.10824336985863e+02
7.40539970930501e+01
4.41794524194336e+01
1.92173811382222e+01
1.28578617749948e+01
8.57274240199702e+01
9.96457576831642e+01
8.27126703506708e+01
8.23249519144552e+01
5.50663502579502e+01
6.22369915421063e+01
4.82114410001361e+01
4.20743098025526e+01
2.56298438663272e+01
3.04536567619204e+01
2.93418580298884e+01
5.43154430547589e+01
5.35125886098748e+01
7.00482378973530e+01
8.17059124996908e+01
1.06941556235978e+02
1.13962780391366e+02
1.19517427780321e+02
7.97179919768819e+01
1.44600288917697e+02
1.09822159205394e+03
4.36515118618324e+02
2.30597534111426e+02
1.09480870905889e+02
7.36767564490071e+01
6.22460567158250e+01
6.91277019595313e+01
8.05796316706432e+00
9.84338502239199e+01
6.05432115030862e+01
7.28579441982014e+01
6.09518855226024e+01
2.76783640049533e+01
2.80274858828487e+01
2.58204055260551e+01
1.96700566269835e+01
4.63114545475717e+01
4.19987919160469e+01
4.46428678723382e+01
5.91126411819110e+01
1.14764813626120e+02
1.16335717610545e+02
1.20169719253303e+02
1.34562707186647e+02
1.38736082024705e+02
5.47377594520362e+02
3.22703716311840e+02
1.74813112517963e+02
9.10255850600573e+01
9.29844856657178e+01
7.42427687599180e+01
8.32621699934148e+01
6.40820180271944e+01
4.11538943032511e+01
3.87146401389242e+01
2.77122984105189e+01
2.02488870996811e+01
2.05829711591759e+01
3.95613596139910e+01
3.99224899871719e+01
4.42685988373118e+01
4.80281319497195e+01
8.07166966142680e+01
9.19866164999569e+01
1.28690759720587e+02
1.41732988182906e+02
1.68845320828650e+02
3.66261984657483e+02
1.81958334589285e+02
1.63360339368063e+02
1.61679296855823e+02
8.96959143465769e+01
9.35622360954002e+01
1.09400394232708e+02
2.80656100642860e+01
2.19732066232743e+01
1.97310219545801e+01
4.53295376439099e+01
4.62604641934516e+01
4.55599677942063e+01
4.83208214140468e+01
7.65739359927890e+01
8.03034183513063e+01
9.54477703733821e+01
1.18555273523858e+02
1.68941608867533e+02
2.67455910292754e+02
1.62783489110759e+02
1.64230794586630e+02
1.58473521217516e+02
1.52549817482783e+02
9.68164727077368e+01
2.40003090084050e+01
5.07828896247587e+01
5.21304214550238e+01
5.22801467574881e+01
5.65155543682610e+01
8.31167021882503e+01
7.80662936855713e+01
9.49630682016118e+01
1.08189433441581e+02
1.26977724353774e+02
2.10315194100408e+02
2.30879118398046e+02
1.67292106045579e+02
1.61972506434848e+02
1.61799846572072e+02
5.85484133626086e+01
5.92034242900212e+01
6.48213594965496e+01
9.41387163354988e+01
9.38019285090660e+01
9.86716354943638e+01
1.07833101181023e+02
1.22737311585632e+02
2.01562296515236e+02
1.89103705380348e+02
2.01585109751884e+02
1.69343663685543e+02
7.29790807121151e+01
1.08796831433370e+02
1.06033220710810e+02
1.13242559474828e+02
1.18196446541015e+02
1.27303688156226e+02
1.94059893461019e+02
1.87991442718271e+02
1.87737514873133e+02
1.19291712144329e+02
1.25775198758225e+02
1.33643857459941e+02
1.38477719157515e+02
2.08109591198726e+02
1.91589317018317e+02
1.49263812562931e+02
1.53916894119736e+02
2.18215694199219e+02
1.12849302698183e+01
2.59909381653419e+01
3.31454593099348e+01
-8.77530697892649e+01
5.82218712980112e+00
1.07607919787085e+02
1.02830614430278e+01
4.18107870018646e+01
1.05056350723701e+02
1.53005306293759e+01
-6.03523083680187e-01
9.49707140672292e+00
1.86243477574545e+02
1.84373643504175e+02
3.37024103308824e+02
5.58824302281508e+02
2.40384648039232e+02
3.39060216501275e+02
5.65694031187225e+02
1.47646966252338e+02
2.41841407107305e+02
9.69381300264827e+01
6.04371502087369e+01
-2.56625295443249e+01
1.00286761330562e+02
8.71956228301406e+01
3.22458878439500e+01
-2.16276181958595e+01
-2.29007775979439e+01
3.14098805232223e+01
4.47369587886475e+02
-1.25681836862246e+02
2.37624279719790e+02
1.91970990945223e+02
-5.77832653926705e+01
2.83043756141713e+02
2.37758091074651e+02
-1.86116147629456e+02
5.97958078874688e+02
1.04251763510959e+02
5.61864583904024e+02
4.26313121510969e+02
1.17682089537780e+02
9.69239740969462e+02
8.07016111585637e+02
