3.05477766624707e+04
7.54699253384472e+04
1.25062670842256e+05
4.50611110479055e+04
7.98742519224583e+04
8.63692672601673e+04
8.12518057246808e+04
8.62983163781423e+04
9.67214081444464e+04
8.73100098821481e+04
7.95611461764037e+04
4.89444847532879e+04
3.47748589234168e+04
1.26219832540487e+04
5.36346682081980e+03
5.01895926420833e+03
6.33234832142139e+03
1.04986913295577e+04
1.42970918348434e+04
2.48988501671221e+04
3.67117722985849e+04
4.85695956020679e+04
5.33686997917582e+04
5.05024948949573e+04
4.87016831994656e+04
4.87284751019414e+04
1.08444052218204e+05
4.32262783379020e+04
8.15388252033002e+04
8.54639137569568e+04
6.95899485521682e+04
8.17376920655937e+04
9.26831015145692e+04
8.66264575172187e+04
8.02865608883735e+04
4.99512747089329e+04
1.61360640521323e+04
1.28585242245845e+04
5.39322408027770e+03
4.98673661808288e+03
6.20578654571637e+03
1.01503366146913e+04
1.75583452908156e+04
2.37805742680367e+04
3.49142548112445e+04
4.61683504551513e+04
5.06980060497643e+04
4.79675982060710e+04
4.46955643017271e+04
7.56798801563244e+04
3.19997895610788e+04
6.68693175209507e+04
7.88717526749785e+04
5.77323460915647e+04
8.30537775315612e+04
7.99467000477208e+04
7.72379992538188e+04
7.50244776273951e+04
4.76789814266313e+04
1.53404783469786e+04
5.48485366638103e+03
5.16249747880260e+03
4.77224904895864e+03
5.90191855662864e+03
9.60635416886503e+03
1.65339448390444e+04
2.85174309615784e+04
3.26181137230003e+04
4.31576915557694e+04
4.76484183240446e+04
4.49268502488845e+04
4.27175270635445e+04
1.99660110779334e+04
5.83896896295676e+04
7.48316662979048e+04
5.36344498142969e+04
7.38632556281967e+04
6.84102779806837e+04
7.09113387399452e+04
7.26632249034071e+04
4.73035133402808e+04
1.54206985780993e+04
5.46787767244104e+03
4.79998946721659e+03
4.73483507487957e+03
5.76455873069689e+03
9.31150951480180e+03
1.58517778274627e+04
2.71557988250494e+04
3.81490210870127e+04
4.09591206207542e+04
4.52594048558721e+04
4.25687770388566e+04
4.05209848095581e+04
3.61648015141834e+04
5.94987059938461e+04
6.88572784806346e+04
5.68852359537104e+04
6.95820967422021e+04
6.54479631771510e+04
7.31141435255720e+04
7.35540187242813e+04
5.03183798642569e+04
1.66059501249615e+04
5.63010361740746e+03
4.88416055997575e+03
4.47067806028093e+03
5.76932900906765e+03
9.25211109597424e+03
1.56613282314808e+04
2.67056412543138e+04
3.72379896160012e+04
4.58263665080874e+04
4.40129444719665e+04
4.13945383750847e+04
3.91420393805811e+04
3.55129666772227e+04
5.56394492704693e+04
4.25380636739191e+04
5.33666257254194e+04
4.97689772559700e+04
5.90558887013024e+04
6.15543541384143e+04
4.43812761750999e+04
1.51742250838040e+04
5.25250171045830e+03
4.57573069790489e+03
4.20214816869474e+03
6.22665959352719e+03
8.65183330070847e+03
1.46457202649879e+04
2.48465901263608e+04
3.45441125497515e+04
4.25670573165104e+04
4.10679731914843e+04
3.85722694399696e+04
3.65096535777930e+04
3.32174878538969e+04
3.29763294107744e+04
2.84569049649461e+04
4.39756760688059e+04
3.71199249571099e+04
4.74105810459216e+04
5.26181065365458e+04
2.19718262333875e+04
1.42752996286498e+04
5.03023968136095e+03
4.31135458665494e+03
3.96248687933897e+03
5.89961316730325e+03
1.05560522855483e+04
1.37758010618727e+04
2.33608092307181e+04
3.24500963620322e+04
3.99149882891233e+04
3.84778701008355e+04
3.49851039836160e+04
3.43759586800221e+04
3.11393282095844e+04
3.15970140020769e+04
2.70589768898141e+04
3.13779300727874e+04
3.90420586307968e+04
4.68599844322972e+04
2.05495512204924e+04
5.18679359925239e+03
4.91967894690658e+03
4.13726793251341e+03
3.76726159331408e+03
5.61112718266139e+03
1.00382863028832e+04
1.68327078265385e+04
2.21843723998600e+04
3.06885633320020e+04
3.76872528273858e+04
3.62968767883949e+04
3.30259638227324e+04
2.94532048248326e+04
2.93826493980795e+04
2.98727812158904e+04
3.14540733610770e+04
2.31268493423452e+04
2.68330662659118e+04
3.67930957615275e+04
1.74448635261606e+04
4.71014462114286e+03
4.37359806402588e+03
3.92690644573830e+03
3.48212349346823e+03
5.20552750806449e+03
9.36936940941333e+03
1.56628639113232e+04
2.64773193007595e+04
2.86086586593182e+04
3.52004337563789e+04
3.38300336849660e+04
3.08075734878050e+04
2.75035335490998e+04
2.71475401472609e+04
2.79130570011226e+04
3.00882014879620e+04
1.96631209508637e+04
2.99279919576136e+04
1.57133778808028e+04
4.36446610931360e+03
4.30224132748208e+03
3.32227627320484e+03
3.30715979229916e+03
4.91042817024724e+03
8.82067058604943e+03
1.47632291955464e+04
2.49507554996185e+04
3.19044557906519e+04
3.32088169589905e+04
3.18169605826870e+04
2.89930860779194e+04
2.58652244639342e+04
2.56680700524846e+04
2.74839892359669e+04
2.84070832722191e+04
2.95128240120680e+04
2.15046077197259e+04
1.35103342563564e+04
3.91036068836862e+03
4.02539025113183e+03
3.24374423250455e+03
3.25777447895921e+03
4.54159694053187e+03
8.13685329810931e+03
1.37069322656981e+04
2.30968939246574e+04
2.97515568334679e+04
3.16687129613460e+04
2.96786721232539e+04
2.70119113688510e+04
2.40665159282142e+04
2.39317429927204e+04
2.56602663474909e+04
2.69396623456864e+04
2.81891829441723e+04
9.42673677234561e+03
3.13779405671191e+03
3.44420197060334e+03
3.04960779799924e+03
3.01911117613145e+03
5.50415067087163e+03
7.36822574527103e+03
1.24864468527003e+04
2.11731976867400e+04
2.74371992152390e+04
2.93166758329092e+04
2.74695747892579e+04
2.49916278763203e+04
2.22631899086063e+04
2.21946227124215e+04
2.39797311902888e+04
2.50713791757530e+04
2.76579542986983e+04
2.75502278471907e+04
1.82801922433473e+03
2.44455357415438e+03
2.47051239807381e+03
2.69388504500522e+03
4.79202184670445e+03
8.48273733808676e+03
1.09090198909189e+04
1.87854961275336e+04
2.44927881202057e+04
2.64450274976675e+04
2.48551793557556e+04
1.97306615301387e+04
2.02297795293872e+04
2.02156415379383e+04
2.19457816348929e+04
2.29975258040862e+04
2.54787543807216e+04
2.64841142613285e+04
1.39458812899932e+03
1.69673331169095e+03
2.12875153402716e+03
4.00237322783544e+03
6.88321785814586e+03
1.17745611446395e+04
1.56936258097420e+04
2.08629888234264e+04
2.27562337796979e+04
2.16516207497532e+04
1.73752139166294e+04
1.75452908914045e+04
1.77965818270648e+04
1.94572763996152e+04
2.06180748231920e+04
2.28283547574594e+04
2.44411915088105e+04
8.41233976116185e+02
1.44345776547928e+03
3.15119004014210e+03
5.33057792605909e+03
9.33593608666934e+03
1.66811655739449e+04
1.71494136765681e+04
1.88959771856688e+04
1.83362226374956e+04
1.48593852750785e+04
1.50544145234224e+04
1.63208369761223e+04
1.68717677731932e+04
1.80257007402698e+04
2.00796561395890e+04
2.16754805716532e+04
2.25154048204770e+04
6.05465721494048e+02
2.37321598742390e+03
4.06676530755254e+03
7.10318621905404e+03
1.31246645739784e+04
1.43921647435862e+04
1.54635474197793e+04
1.52923303484545e+04
1.26285776200024e+04
1.29063260217064e+04
1.40121399351778e+04
1.48198678442185e+04
1.56230944828220e+04
1.76262843963907e+04
1.90378178019349e+04
2.04428420214037e+04
1.24783295067235e+03
2.89013506635824e+03
5.24386893967599e+03
1.00128590383018e+04
1.14450414059735e+04
1.39577379934232e+04
1.25690638671280e+04
1.06519315599607e+04
1.09327264799580e+04
1.19111803419348e+04
1.26992856100335e+04
1.44178017098343e+04
1.53068509320440e+04
1.66443475284825e+04
1.80236862295502e+04
1.85996292539236e+04
1.25018171306092e+03
3.84872200475945e+03
7.21779345932480e+03
8.80316501786573e+03
1.11965405441350e+04
9.17753450597281e+03
8.86938454714247e+03
9.23561351489979e+03
1.01657065710029e+04
1.08860415325386e+04
1.24431474837702e+04
1.42300817742053e+04
1.45879483196183e+04
1.57935547654704e+04
1.68902485727489e+04
2.12201075063487e+03
5.19505954077676e+03
6.51344070576626e+03
8.76711928094494e+03
7.50486919042958e+03
7.19259568125680e+03
7.77992991913543e+03
8.63031144673055e+03
9.30642841377395e+03
1.07082436704994e+04
1.23646445793670e+04
1.35013218008027e+04
1.38511799998410e+04
1.49203585524460e+04
1.66452361407151e+04
5.58658931472267e+03
4.78060319659144e+03
7.01561793326669e+03
6.27222540459274e+03
6.12079241385698e+03
7.55848059199669e+03
7.56993659085370e+03
8.27264791011766e+03
9.50811464813715e+03
1.10070202566325e+04
1.20697581647995e+04
1.27481361416475e+04
1.33495362772449e+04
1.54149034193337e+04
3.56424518224549e+03
5.40804746850824e+03
5.04169540730682e+03
5.18207487605409e+03
6.60106237528367e+03
6.87823942781039e+03
7.38860177426259e+03
8.52087797012966e+03
9.89960295814592e+03
1.09329466003898e+04
1.16454131117645e+04
1.28578595775375e+04
1.40461633121184e+04
1.44104946512322e+04
6.95819067148592e+03
3.94574942783732e+03
4.28771486459761e+03
5.70744119168644e+03
6.17678666825545e+03
7.33254773432048e+03
7.81169255088466e+03
9.07178859218354e+03
1.00393417795049e+04
1.07104102682299e+04
1.18419415598630e+04
1.39541630460814e+04
1.36557583285308e+04
6.65776828862177e+02
2.84469642497944e+03
4.65780717275899e+03
5.32480480583029e+03
6.54096118009874e+03
7.65668313830333e+03
8.18390302143150e+03
9.11616764104491e+03
9.79471226927262e+03
1.09474266851935e+04
1.27690015622584e+04
1.32420352414891e+04
1.27031555006412e+04
2.15103119042055e+03
3.62946587365549e+03
4.27975542021085e+03
5.57475626473804e+03
6.64624554937011e+03
7.95161921886676e+03
8.08686466018190e+03
8.76414749841568e+03
9.88614050810544e+03
1.15685286640309e+04
1.20484541749597e+04
1.09615823592671e+04
2.74930055094592e+03
3.20291620429451e+03
4.46265337692101e+03
5.49222726160602e+03
6.79703894731982e+03
7.10976047454362e+03
7.55831691917144e+03
8.69459500216314e+03
1.03374193199420e+04
1.07172898871975e+04
1.01086261885083e+04
2.13992340822452e+03
3.35634748306397e+03
4.40554681374817e+03
5.63381842341069e+03
5.97932394405012e+03
7.10176661450329e+03
7.56684988886950e+03
9.09471555414434e+03
9.49996622079655e+03
9.01435187640468e+03
1.00621625933806e+04
1.96367135833110e+03
3.17167684367948e+03
4.33440565332883e+03
4.82376977931558e+03
5.90136417335112e+03
6.90093451401127e+03
7.77234917271036e+03
8.30427286469308e+03
7.86556479894871e+03
9.10618771072684e+03
1.78999713563622e+03
3.15827284721743e+03
3.61595817279206e+03
4.64801572286639e+03
5.64106285961477e+03
7.48350185626005e+03
7.05050515577439e+03
6.77215236214791e+03
7.90190604656069e+03
8.59400820867888e+03
2.40567165756991e+03
2.58542514781118e+03
3.62032388373845e+03
4.53749006798791e+03
6.20244508638280e+03
5.60869508551162e+03
5.83181656482528e+03
6.79041865925568e+03
7.66890336637796e+03
1.55529137044019e+03
2.67652590651518e+03
3.45272929310186e+03
4.94463877897131e+03
4.68286305801552e+03
5.26683161599836e+03
5.79669185867400e+03
6.58747581829048e+03
6.81366286014397e+03
1.86764734398977e+03
2.52177259790939e+03
3.75517118957597e+03
3.72591658488747e+03
4.32458296700192e+03
5.47326441069776e+03
5.52158461777390e+03
5.95652914197153e+03
1.88229550897453e+03
2.61946180843272e+03
2.80164687189354e+03
3.46393230177520e+03
4.58021096651795e+03
4.74189360020910e+03
4.99551575881118e+03
5.76446505086343e+03
1.60100976662003e+03
2.04058497899722e+03
2.62210848510924e+03
3.65423393574440e+03
3.89987333066494e+03
4.46433890513696e+03
4.94786613515864e+03
1.32925199040758e+03
1.80627098115667e+03
2.82108535272355e+03
3.20053692582562e+03
3.66628398812073e+03
4.66344334012718e+03
5.04390862851896e+03
9.98561262185132e+02
2.01458759882802e+03
2.48226127071172e+03
2.95203943911188e+03
3.79256752894233e+03
4.74875802703894e+03
1.12542769671009e+03
1.72723730928037e+03
2.25172398880120e+03
2.94495687547078e+03
3.87241750103358e+03
9.97325380449211e+02
1.52681538914306e+03
2.16328715556944e+03
2.91766754567016e+03
3.77997938028733e+03
9.19924141099558e+02
1.52529285201000e+03
2.15163913230258e+03
2.93438306371893e+03
9.16798841931835e+02
1.47412837202715e+03
2.03843478042363e+03
3.85500961522245e+03
8.11864132136414e+02
1.33434237529450e+03
2.75222408241190e+03
5.43243028392443e+02
1.58958370061299e+03
3.30115151634451e+03
1.22475351914156e+03
2.06438173234194e+03
2.67520791080928e+02
2.37793573550071e+03
1.21235238880003e+03
1.78831267344173e+02
