2.67282918415698e+04
7.15569422557641e+04
1.25226612529089e+05
6.12221648679483e+04
8.37777670806816e+04
8.78058226042986e+04
8.53743358889717e+04
9.55348580418410e+04
1.05651417950108e+05
9.68042989109684e+04
8.58467508261687e+04
4.81974453306338e+04
3.43725222766979e+04
1.29269981322524e+04
5.55640502517264e+03
5.55506668192471e+03
6.82577504074727e+03
1.18967260951888e+04
1.53814832107684e+04
2.58728117435394e+04
3.80569612048638e+04
4.82512420311510e+04
5.25862187177239e+04
5.07302358226893e+04
4.90771417905212e+04
4.06330964671379e+04
1.07498505427927e+05
5.63984247728656e+04
8.09262360472203e+04
8.29685757448111e+04
7.34756027680571e+04
8.63321925202373e+04
9.65903975883576e+04
9.15303811785642e+04
8.24385673854221e+04
4.68442049856990e+04
1.57693131325400e+04
1.25911185008677e+04
5.39301631900512e+03
5.33347443398257e+03
6.48120383494841e+03
1.11429699054524e+04
1.79733131841227e+04
2.39506589744619e+04
3.51512105313440e+04
4.45810096265376e+04
4.86107654968951e+04
4.69169459141997e+04
4.37492407494012e+04
7.63647702706790e+04
4.11016808240736e+04
6.61804200107982e+04
7.72835605708465e+04
6.10882843407292e+04
8.79303042719081e+04
8.34272896281087e+04
8.15828366097619e+04
7.71558961384021e+04
4.48452894818242e+04
1.49673865639794e+04
5.43429935175564e+03
5.16170562432180e+03
5.11519667476390e+03
6.15901394184545e+03
1.05584891329432e+04
1.68887998562567e+04
2.89140848688564e+04
3.28513424047305e+04
4.16515858414417e+04
4.56964307047978e+04
4.39540855738782e+04
4.16303524436916e+04
3.02604161891573e+04
5.80841315343594e+04
7.32377617510451e+04
5.81079941920096e+04
7.99165988608259e+04
7.11043422288874e+04
7.61742291454794e+04
7.59012624015182e+04
4.51074267685893e+04
1.52567163861286e+04
5.46286096627324e+03
4.86871817739068e+03
5.08989863805076e+03
6.02818247972516e+03
1.02564263794313e+04
1.62505005798585e+04
2.76876134262309e+04
3.75672813920708e+04
3.96840352948910e+04
4.35785376757996e+04
4.17976619231234e+04
3.95568140947355e+04
3.64041661908578e+04
5.99671374426010e+04
6.80197732809647e+04
6.29456294266290e+04
7.62239118803190e+04
6.86152278936429e+04
8.21018620604828e+04
7.71637511343445e+04
4.82537005466249e+04
1.66469484167054e+04
5.69813447831313e+03
5.03774599858203e+03
5.08991486310212e+03
6.12108640931349e+03
1.02426753702499e+04
1.61408307786400e+04
2.72465638030307e+04
3.67028577126515e+04
4.45516940507329e+04
4.24459526972391e+04
4.07317944613429e+04
3.82871714866528e+04
3.56554812055409e+04
3.51130850421871e+04
4.42225810569306e+04
5.71052185554247e+04
5.10002403120324e+04
6.47666328828889e+04
5.68549116593146e+04
4.16270301916594e+04
1.48374305040010e+04
5.20501957846681e+03
4.62497861467449e+03
4.69906876131668e+03
6.53725565280565e+03
9.44089669706320e+03
1.49209241169816e+04
2.51097454101575e+04
3.38251510876239e+04
4.10885021378540e+04
3.88923813927959e+04
3.77121555457376e+04
3.55062363147885e+04
3.31427765693455e+04
3.37220899419597e+04
2.92456809817285e+04
4.87758607593706e+04
3.83469656349983e+04
5.21453329840705e+04
4.87093876577213e+04
2.15087851316925e+04
1.40349088601028e+04
5.07323618738081e+03
4.33432360627060e+03
4.43681283324257e+03
6.18692226202907e+03
1.12450482134604e+04
1.40343224489203e+04
2.36614012395440e+04
3.17275475651402e+04
3.84981388852863e+04
3.64466810374880e+04
3.40115280410661e+04
3.34458956822359e+04
3.10937222863050e+04
3.21734958338024e+04
4.81025809783267e+04
3.41898230963935e+04
4.39309483007599e+04
4.40602820654365e+04
2.04189268828903e+04
5.30112484129583e+03
5.00067157112658e+03
4.23827976260720e+03
4.27083443663894e+03
5.93150167129192e+03
1.07878486757199e+04
1.75218003219313e+04
2.25202290580315e+04
3.00896235645750e+04
3.65119821584777e+04
3.45057006541016e+04
3.21717660827951e+04
2.95398088142919e+04
2.94226699366434e+04
3.04578709858146e+04
3.15324601369667e+04
2.81790114281241e+04
3.02013091016141e+04
3.44043884081190e+04
1.72814191093027e+04
4.78133922991813e+03
4.45312155532490e+03
4.12227893908241e+03
3.91229626030158e+03
5.50147988582612e+03
1.00394668626220e+04
1.62392869581961e+04
2.57703394977482e+04
2.80688998773821e+04
3.39864715683727e+04
3.20843238873952e+04
2.99591759751787e+04
2.75602343406994e+04
2.79735262888196e+04
2.84576099548763e+04
2.99942855858118e+04
2.30817070363283e+04
2.73628076494452e+04
1.52872927079124e+04
4.36561916690958e+03
4.41547816596364e+03
3.56131217044085e+03
3.72177541453110e+03
5.17762151690087e+03
9.41711613294620e+03
1.53169347138086e+04
2.41913143892730e+04
3.14114006862751e+04
3.19348648881666e+04
3.01301317117255e+04
2.81234109722251e+04
2.58457077047758e+04
2.64142239753799e+04
2.70245006580306e+04
2.82298458686467e+04
2.91321492681480e+04
1.86494810555086e+04
1.29874024123354e+04
3.82842925211346e+03
4.03095253552847e+03
3.36654411708963e+03
3.90915140902954e+03
4.71443406655358e+03
8.66606965950565e+03
1.41713846618587e+04
2.23076515241827e+04
2.92102011272213e+04
3.01413574681373e+04
2.80225721356091e+04
2.61336442625308e+04
2.40247801933178e+04
2.46184616550094e+04
2.52235207074415e+04
2.69704788946751e+04
2.76725151231908e+04
8.53068518349979e+03
2.98563303427846e+03
3.36389665915862e+03
3.23393606781184e+03
3.77419565781697e+03
5.17831031919866e+03
7.80325419778212e+03
1.28251234576764e+04
2.04006097567096e+04
2.67537262029498e+04
2.77994763389798e+04
2.49861924063367e+04
2.40777769752502e+04
2.21374917297437e+04
2.27271276948094e+04
2.34912561200013e+04
2.50281245275791e+04
2.69604810117831e+04
2.74739170682598e+04
1.78419282303953e+03
2.42103590943835e+03
2.59972498742872e+03
3.31978282226460e+03
4.56587574969487e+03
9.63196111745646e+03
1.12559911806662e+04
1.81341832448620e+04
2.38881798696389e+04
2.51061265155728e+04
2.26376992773144e+04
1.99069652310153e+04
2.01309082459606e+04
2.07419122218565e+04
2.15421100627831e+04
2.30076626381341e+04
2.48447323121175e+04
2.65604548851998e+04
1.18826185590562e+03
1.74979348714239e+03
2.87666539025347e+03
4.02477127948307e+03
7.72869161626435e+03
1.12247492189548e+04
1.51496362767877e+04
2.04250984412340e+04
2.15780646374821e+04
1.97270289128634e+04
1.74647811335963e+04
1.82322675816443e+04
1.82629445367884e+04
1.90766743497939e+04
2.06313094746156e+04
2.22679687693821e+04
2.43680083327637e+04
9.72053468965437e+02
1.90909263912089e+03
3.11710654981054e+03
6.06967068612027e+03
8.92469095375161e+03
1.61858041509481e+04
1.67424114902948e+04
1.78475898586873e+04
1.66283945001465e+04
1.49092633448655e+04
1.56662362678214e+04
1.59986184380712e+04
1.65282788472589e+04
1.80308669815215e+04
1.95888227105257e+04
2.15729436612957e+04
2.24008381088805e+04
1.07483424245397e+03
2.76573058629018e+03
5.11346516375591e+03
6.64874353599406e+03
1.27122603887354e+04
1.42168679491274e+04
1.46785984786839e+04
1.38086955631639e+04
1.27013061160106e+04
1.33695935702911e+04
1.37002373840695e+04
1.45929095449049e+04
1.56047007958450e+04
1.71999581697440e+04
1.89552499176242e+04
2.02089647689936e+04
1.43691098819569e+03
3.71894568483890e+03
4.88162422919508e+03
9.66278525831952e+03
1.13014599023037e+04
1.24483004726547e+04
1.12268198377334e+04
1.06589887321132e+04
1.12912678606772e+04
1.16593221202187e+04
1.25006358108821e+04
1.44532800246342e+04
1.49229967510585e+04
1.65675467001709e+04
1.77779801088008e+04
1.93660635415190e+04
4.21787931560396e+03
3.93328203478229e+03
6.53501847944994e+03
8.57042066302286e+03
9.73418022736983e+03
8.23253661035042e+03
8.78660449136180e+03
9.50231466240051e+03
9.84307524081416e+03
1.06240644490282e+04
1.24040197252280e+04
1.37765253337657e+04
1.44758458375917e+04
1.55409460955581e+04
1.74199124330900e+04
2.61700538934749e+03
4.46563119836970e+03
6.26721954733108e+03
7.53091779817657e+03
6.79887601719012e+03
7.86206064391494e+03
7.98058174745866e+03
8.35116680097687e+03
9.11297141327413e+03
1.06910211905125e+04
1.19616637176840e+04
1.31968682373272e+04
1.36419659882065e+04
1.53689454230288e+04
1.66747056445423e+04
5.48398275956902e+03
3.65503564508933e+03
5.64120623868958e+03
5.53027181267954e+03
6.53533687046368e+03
7.13340373161674e+03
7.24569663942093e+03
7.95659326117036e+03
9.36096053521088e+03
1.05419706307613e+04
1.17020805491631e+04
1.29694062952150e+04
1.36860141026195e+04
1.52548125848491e+04
-2.05167515492654e+01
4.39927594546657e+03
4.57367659253347e+03
5.70460838558031e+03
6.28706695809022e+03
6.71689188892990e+03
7.14630379767597e+03
8.46289439065001e+03
9.53540888375441e+03
1.06191767975195e+04
1.18977899251154e+04
1.31316938443978e+04
1.39079016029372e+04
1.45011305647680e+04
2.40559566283941e+03
3.53314536841606e+03
4.67535921051546e+03
5.36714442086017e+03
6.00438663778312e+03
7.07304146110328e+03
7.72250925877186e+03
8.72085795535764e+03
9.75132199130465e+03
1.09609073965914e+04
1.21155310703549e+04
1.37791498476981e+04
1.36552706530861e+04
2.82975179461925e+03
3.68768145900480e+03
4.58979405154453e+03
5.25155696382742e+03
6.39653985332004e+03
7.79226624576931e+03
7.93226565256026e+03
8.88931735200424e+03
1.00354426782421e+04
1.12297461452397e+04
1.26431738654361e+04
1.29291143071708e+04
1.29639360896573e+04
2.95061102040044e+03
3.43045385746630e+03
4.16001083142580e+03
5.44273650226469e+03
6.79477036597951e+03
7.32322473214131e+03
7.90825086029277e+03
9.03284949733886e+03
1.02001902619297e+04
1.15266170654103e+04
1.18019525194873e+04
1.18339664033633e+04
2.50582166139803e+03
3.26000057680094e+03
4.40852868007803e+03
5.70837514868206e+03
6.28423240116938e+03
7.52121181502229e+03
7.86475347562706e+03
9.00765111423156e+03
1.03680951904070e+04
1.05606606187406e+04
1.08793128166432e+04
2.16565446896130e+03
3.14462727909304e+03
4.48817409254611e+03
5.14520452320712e+03
6.31619689822292e+03
7.16459481570005e+03
7.77950326027680e+03
9.07153770029125e+03
9.32430401343703e+03
9.64959384013938e+03
1.03658466425998e+04
2.28364341002221e+03
3.24255662232276e+03
3.99444384001507e+03
5.07440196206402e+03
5.93994166937329e+03
7.26507534162782e+03
7.74705504919896e+03
8.17633486740323e+03
8.44578890476880e+03
9.32841288296530e+03
1.38235996775399e+03
2.79119949247798e+03
3.75731267383475e+03
4.70335244153791e+03
5.94802675631384e+03
7.05989466534498e+03
6.93842026226861e+03
7.28128857191658e+03
8.09323224910162e+03
8.74547409164483e+03
2.10176341609373e+03
2.81137392797651e+03
3.66480648338720e+03
4.77121168707282e+03
5.85531220250056e+03
5.83032888988321e+03
6.29706362625947e+03
6.98368418037777e+03
7.75717373979868e+03
1.75839186638207e+03
2.67845211665939e+03
3.67605878983664e+03
4.68356482362041e+03
4.84420477271163e+03
5.90403978152979e+03
5.96863650674816e+03
6.65663904326877e+03
7.14967950691832e+03
2.04362636317432e+03
2.73374227368640e+03
3.56695869761022e+03
3.87691227226266e+03
4.88039409768652e+03
5.20657863352331e+03
5.62042117845623e+03
6.23264929737441e+03
1.79249690551639e+03
2.59241452831883e+03
2.96120047452270e+03
3.90397853258929e+03
4.37356294041468e+03
5.22100420999473e+03
5.23421996580096e+03
5.92378935641603e+03
1.55297739668825e+03
2.10136106194653e+03
2.95620291806335e+03
3.49250181476646e+03
4.30999643749407e+03
4.42520238197085e+03
5.05071460355771e+03
1.70480696828745e+03
2.08658105494045e+03
2.68221364304553e+03
3.54911655594351e+03
3.63211618525644e+03
4.89707209186314e+03
5.47871106215972e+03
1.19016271498384e+03
1.93907444533310e+03
2.78174952265708e+03
2.95668466512476e+03
4.02844640748149e+03
5.30314614008707e+03
1.34546013515672e+03
2.01590773462001e+03
2.28524085767543e+03
3.13478087542643e+03
4.29274362169450e+03
1.18534907204285e+03
1.52814256808142e+03
2.29047454734172e+03
3.24400942062585e+03
4.07558352219177e+03
9.53448053571186e+02
1.66822153632489e+03
2.39835835456420e+03
3.15349252888750e+03
1.04064546039385e+03
1.64916945031202e+03
2.24293495817353e+03
4.02885193885130e+03
1.34246060349173e+03
1.44389200837042e+03
2.85407843190162e+03
7.10085421230363e+02
1.79452033811129e+03
3.53553727888181e+03
9.02948808047360e+02
2.17052029829365e+03
9.65969213067079e+02
2.53057204063658e+03
1.21327405806028e+03
3.68945578192376e+03
