-3.64916080209120e+02
3.18849500142130e+00
9.68720505972467e+00
1.70497187349890e+01
5.11572635874644e+00
6.77671139549371e+00
6.25928035062537e+00
8.29154284019345e+00
1.61670458360462e+01
2.02354305774873e+01
1.87537002748109e+01
1.94795000073289e+01
1.92028236130164e+01
2.37518082791643e+01
3.04590983718360e+01
2.98988082319197e+01
2.53404333484718e+01
2.35424297221056e+01
2.92925764631021e+01
5.39667766451540e+01
7.26788371117141e+01
1.08309818249624e+02
2.00586571424093e+02
2.32680032068610e+02
2.31689386300172e+02
1.22033947235215e+02
2.16278296302271e+01
2.92527869229409e+01
8.33588545367373e+00
1.03915714012418e+01
7.06465500635310e+00
9.76697253507521e+00
1.70512948869459e+01
2.11131636549912e+01
1.93544010189581e+01
2.00938806101263e+01
1.93430094437750e+01
2.37748701641972e+01
3.06425723905044e+01
3.28840632299941e+01
2.69441828396367e+01
2.38072804959141e+01
3.02752287784815e+01
5.46604744470736e+01
7.29774541634483e+01
1.06894244135584e+02
2.11501122354014e+02
2.75642710164960e+02
2.68776849957313e+02
3.53349623439146e+01
3.07732121971988e+01
9.11648497252289e+00
1.15416254394272e+01
7.49973699724053e+00
1.27796390485064e+01
1.70019977352359e+01
2.05110281792513e+01
1.91313024958447e+01
1.94529380267967e+01
1.93072490574531e+01
2.60148198922691e+01
2.98437653033340e+01
3.49844936125238e+01
2.83784325236162e+01
2.44124222598390e+01
2.95285421941715e+01
6.49250995995373e+01
7.38012468341496e+01
1.05549007971201e+02
2.22472982806169e+02
3.02832126243928e+02
3.10816997882606e+02
8.50711707218692e+00
4.89490375457695e+00
7.00032847460291e+00
5.15186665943871e+00
9.93113028281738e+00
1.77939967083826e+01
1.59202660550543e+01
1.53509689891587e+01
1.62008624420243e+01
1.64673790055438e+01
2.23855163137652e+01
3.14824779042955e+01
3.08741647334791e+01
2.75609083499674e+01
2.33526110413507e+01
2.76428268518167e+01
6.15068915694802e+01
8.57065413636402e+01
1.03057478086179e+02
2.14126202568747e+02
3.13390631024579e+02
3.68926586651615e+02
3.24667319256082e+02
1.42831188955749e+01
1.42831188955749e+01
5.09055311610524e+00
5.09055311610524e+00
3.68875722987140e+00
3.68875722987140e+00
7.37837724161644e+00
7.37837724161644e+00
1.42069048788164e+01
1.42069048788164e+01
1.11515072986155e+01
1.11515072986155e+01
1.21345754550953e+01
1.21345754550953e+01
1.35985409584505e+01
1.35985409584505e+01
1.36941289893935e+01
1.36941289893935e+01
1.96098730346876e+01
1.96098730346876e+01
2.71608351963284e+01
2.71608351963284e+01
2.80305051438090e+01
2.80305051438090e+01
2.69779624533613e+01
2.69779624533613e+01
2.29155724236235e+01
2.29155724236235e+01
2.68441754410343e+01
2.68441754410343e+01
5.77048798438127e+01
5.77048798438127e+01
8.35140928191306e+01
8.35140928191306e+01
1.18239188619699e+02
1.18239188619699e+02
2.07401211918004e+02
2.07401211918004e+02
3.25376238369719e+02
3.25376238369719e+02
4.05122133493970e+02
4.05122133493970e+02
3.76587906353266e+02
3.76587906353266e+02
3.81587959067874e+02
4.93158443080407e+02
9.60015731705417e+02
4.76071394818389e+00
4.76071394818389e+00
2.87845016372180e+00
2.87845016372180e+00
5.22259366157461e+00
5.22259366157461e+00
1.10328666888224e+01
1.10328666888224e+01
8.93747740325405e+00
8.93747740325405e+00
1.06694961338369e+01
1.06694961338369e+01
1.08993223980383e+01
1.08993223980383e+01
1.14582319661102e+01
1.14582319661102e+01
1.68191592293454e+01
1.68191592293454e+01
2.34338537483975e+01
2.34338537483975e+01
2.45215903080470e+01
2.45215903080470e+01
2.25745954096789e+01
2.25745954096789e+01
2.29468176915160e+01
2.29468176915160e+01
2.61121664477642e+01
2.61121664477642e+01
5.40412489840201e+01
5.40412489840201e+01
7.90847739471873e+01
7.90847739471873e+01
1.17590194476046e+02
1.17590194476046e+02
2.30064980288997e+02
2.30064980288997e+02
3.13341138208981e+02
3.13341138208981e+02
4.24549220668399e+02
4.24549220668399e+02
4.58967730859751e+02
4.58967730859751e+02
3.95116099131324e+02
3.95116099131324e+02
4.85073584270794e+02
1.08941840668208e+03
4.23657307401806e+00
4.23657307401806e+00
3.32394690182224e+00
3.32394690182224e+00
7.27581556377666e+00
7.27581556377666e+00
6.79468239560490e+00
6.79468239560490e+00
7.92021531352732e+00
7.92021531352732e+00
8.61339774227728e+00
8.61339774227728e+00
9.30316307640588e+00
9.30316307640588e+00
1.35392406607868e+01
1.35392406607868e+01
2.01629701701889e+01
2.01629701701889e+01
2.07319473544081e+01
2.07319473544081e+01
1.97985825245817e+01
1.97985825245817e+01
2.11534996626281e+01
2.11534996626281e+01
2.59586343423498e+01
2.59586343423498e+01
5.24438914861768e+01
5.24438914861768e+01
7.38372812537446e+01
7.38372812537446e+01
1.16083939859154e+02
1.16083939859154e+02
2.26939547640348e+02
2.26939547640348e+02
3.70060530741165e+02
3.70060530741165e+02
4.46011661598306e+02
4.46011661598306e+02
5.10747419224452e+02
5.10747419224452e+02
4.75906569892186e+02
4.75906569892186e+02
4.81111006222255e+02
1.07582695820598e+03
5.25058457667567e+00
5.25058457667567e+00
4.98304483412797e+00
4.98304483412797e+00
5.02381604659514e+00
5.02381604659514e+00
6.00398640743607e+00
6.00398640743607e+00
6.38232537907097e+00
6.38232537907097e+00
7.97743602450922e+00
7.97743602450922e+00
1.09806786270592e+01
1.09806786270592e+01
1.68823303445787e+01
1.68823303445787e+01
1.75141259570589e+01
1.75141259570589e+01
1.70725045533529e+01
1.70725045533529e+01
2.14504392303342e+01
2.14504392303342e+01
2.87232414671876e+01
2.87232414671876e+01
5.09216329208651e+01
5.09216329208651e+01
6.87708122812138e+01
6.87708122812138e+01
1.10769326017650e+02
1.10769326017650e+02
2.28817619466832e+02
2.28817619466832e+02
3.58141615617860e+02
3.58141615617860e+02
5.24339908302328e+02
5.24339908302328e+02
5.39514807971884e+02
5.39514807971884e+02
6.00895392929490e+02
6.00895392929490e+02
5.04463654167763e+02
5.04463654167763e+02
1.05886921604169e+03
1.51221394644987e+03
1.47975377971149e+01
1.47975377971149e+01
3.73406275956416e+00
3.73406275956416e+00
4.50104310355209e+00
4.50104310355209e+00
4.58562477433455e+00
4.58562477433455e+00
6.05818568225858e+00
6.05818568225858e+00
1.20989556471907e+01
1.20989556471907e+01
1.34067150950378e+01
1.34067150950378e+01
1.50486911957997e+01
1.50486911957997e+01
1.43290566770724e+01
1.43290566770724e+01
1.87471956959717e+01
1.87471956959717e+01
2.91464894516130e+01
2.91464894516130e+01
6.22358426595071e+01
6.22358426595071e+01
6.67144422633646e+01
6.67144422633646e+01
1.04269606319536e+02
1.04269606319536e+02
2.29179793849943e+02
2.29179793849943e+02
3.53368236207994e+02
3.53368236207994e+02
5.05400791611330e+02
5.05400791611330e+02
5.68808321266293e+02
5.68808321266293e+02
6.81062118299484e+02
6.81062118299484e+02
6.26469170983778e+02
6.26469170983778e+02
1.05288912157755e+03
1.49086392959138e+03
1.01592714124274e+01
1.01592714124274e+01
3.68551078970459e+00
3.68551078970459e+00
3.76349590759586e+00
3.76349590759586e+00
4.61424025376311e+00
4.61424025376311e+00
1.01293200743954e+01
1.01293200743954e+01
1.26575381000691e+01
1.26575381000691e+01
1.28585756637063e+01
1.28585756637063e+01
1.22965166764881e+01
1.22965166764881e+01
1.61403931294599e+01
1.61403931294599e+01
2.95753051291166e+01
2.95753051291166e+01
6.20671101261135e+01
6.20671101261135e+01
7.94845908371865e+01
7.94845908371865e+01
9.81744372818185e+01
9.81744372818185e+01
2.20592652970436e+02
2.20592652970436e+02
3.57065054091266e+02
3.57065054091266e+02
4.91635887151308e+02
4.91635887151308e+02
6.04959992112259e+02
6.04959992112259e+02
7.34375738778328e+02
7.34375738778328e+02
8.12096479374644e+02
8.12096479374644e+02
1.11255051632578e+03
1.11255051632578e+03
1.46552274909756e+03
1.69502648595038e+03
7.41267844454451e+00
7.41267844454451e+00
3.74715382327556e+00
3.74715382327556e+00
3.51538972105285e+00
3.51538972105285e+00
7.81816772905098e+00
7.81816772905098e+00
1.05899602441303e+01
1.05899602441303e+01
1.08931277082545e+01
1.08931277082545e+01
1.09685170820742e+01
1.09685170820742e+01
1.34686531642143e+01
1.34686531642143e+01
2.56186410600252e+01
2.56186410600252e+01
6.31349552606933e+01
6.31349552606933e+01
7.72883178557486e+01
7.72883178557486e+01
1.00686620487950e+02
1.00686620487950e+02
2.08960753526816e+02
2.08960753526816e+02
3.58071350363871e+02
3.58071350363871e+02
4.89350554021839e+02
4.89350554021839e+02
5.85186262929268e+02
5.85186262929268e+02
7.88110615028628e+02
7.88110615028628e+02
9.05867914920839e+02
9.05867914920839e+02
1.40770427727550e+03
1.40770427727550e+03
1.45648248122056e+03
1.66900393768088e+03
6.07153166422267e+00
6.07153166422267e+00
3.41707087090589e+00
3.41707087090589e+00
5.32163884165989e+00
5.32163884165989e+00
8.41316077897040e+00
8.41316077897040e+00
8.58934627440807e+00
8.58934627440807e+00
9.09097285256533e+00
9.09097285256533e+00
1.12546763374214e+01
1.12546763374214e+01
2.15563007986128e+01
2.15563007986128e+01
6.35677749836423e+01
6.35677749836423e+01
7.67909285022537e+01
7.67909285022537e+01
1.00318469849731e+02
1.00318469849731e+02
2.60067809631907e+02
2.60067809631907e+02
3.43131480297795e+02
3.43131480297795e+02
4.99818459481143e+02
4.99818459481143e+02
5.71495818994547e+02
5.71495818994547e+02
8.46391285544640e+02
8.46391285544640e+02
1.03917743313197e+03
1.03917743313197e+03
1.67567458065071e+03
1.67567458065071e+03
1.53923527903592e+03
1.53923527903592e+03
1.63610456186962e+03
1.68781093235601e+03
1.29303073408896e+01
1.29303073408896e+01
5.02880272488852e+00
5.02880272488852e+00
5.58340051359204e+00
5.58340051359204e+00
6.78521284994881e+00
6.78521284994881e+00
7.28909033526006e+00
7.28909033526006e+00
1.17621959747685e+01
1.17621959747685e+01
1.73656199192266e+01
1.73656199192266e+01
5.37726022884728e+01
5.37726022884728e+01
7.74626986789945e+01
7.74626986789945e+01
9.95434013120938e+01
9.95434013120938e+01
2.44514955671406e+02
2.44514955671406e+02
4.24067228352784e+02
4.24067228352784e+02
5.05636978497956e+02
5.05636978497956e+02
5.72396714108964e+02
5.72396714108964e+02
8.18536929241212e+02
8.18536929241212e+02
1.11492430780096e+03
1.11492430780096e+03
2.20016053829265e+03
2.20016053829265e+03
1.80285249973664e+03
1.80285249973664e+03
1.62089519589126e+03
1.65654592194175e+03
8.02940333912303e+00
8.02940333912303e+00
4.06947696010946e+00
4.06947696010946e+00
5.10087039226456e+00
5.10087039226456e+00
4.90395830526828e+00
4.90395830526828e+00
1.00999488377302e+01
1.00999488377302e+01
1.98506014461381e+01
1.98506014461381e+01
4.39918425025439e+01
4.39918425025439e+01
7.72543640611318e+01
7.72543640611318e+01
1.01864100699902e+02
1.01864100699902e+02
2.44251885237107e+02
2.44251885237107e+02
3.96391422185194e+02
3.96391422185194e+02
5.42831400601654e+02
5.42831400601654e+02
5.90206328384427e+02
5.90206328384427e+02
8.00397822651649e+02
8.00397822651649e+02
1.19606513957966e+03
1.19606513957966e+03
2.52602154868377e+03
2.52602154868377e+03
2.28963518443529e+03
2.28963518443529e+03
1.86623214829821e+03
1.61850909444432e+03
1.28858571905593e+03
2.36894309925583e+01
2.36894309925583e+01
2.36894309925583e+01
3.89268841711237e+00
3.89268841711237e+00
3.89268841711237e+00
3.83947560238308e+00
3.83947560238308e+00
3.83947560238308e+00
7.82016798109352e+00
7.82016798109352e+00
7.82016798109352e+00
1.57835847489170e+01
1.57835847489170e+01
1.57835847489170e+01
5.85713046789730e+01
5.85713046789730e+01
5.85713046789730e+01
6.36133727882660e+01
6.36133727882660e+01
6.36133727882660e+01
1.06007246685128e+02
1.06007246685128e+02
1.06007246685128e+02
2.42108362463812e+02
2.42108362463812e+02
2.42108362463812e+02
3.68149906018274e+02
3.68149906018274e+02
3.68149906018274e+02
5.21588040919775e+02
5.21588040919775e+02
5.21588040919775e+02
6.35303498698866e+02
6.35303498698866e+02
6.35303498698866e+02
8.04426843863364e+02
8.04426843863364e+02
8.04426843863364e+02
1.14990399616008e+03
1.14990399616008e+03
1.14990399616008e+03
2.70340600295547e+03
2.70340600295547e+03
2.70340600295547e+03
3.01083946464663e+03
3.01083946464663e+03
3.01083946464663e+03
1.96609944497184e+03
1.96609944497184e+03
1.96609944497184e+03
1.41831308509844e+03
1.41831308509844e+03
1.26364897220865e+03
1.26364897220865e+03
9.39004437291244e+02
7.59472700808343e+02
6.87347835937295e+02
6.87347485191433e+02
7.99354457107832e+02
8.30457101170178e+02
4.80583315158717e+01
4.80583315158717e+01
4.80583315158717e+01
4.06001746126668e+00
4.06001746126668e+00
4.06001746126668e+00
5.28717727299323e+00
5.28717727299323e+00
5.28717727299323e+00
1.31551297705602e+01
1.31551297705602e+01
1.31551297705602e+01
4.49845819797511e+01
4.49845819797511e+01
4.49845819797511e+01
5.71724151492180e+01
5.71724151492180e+01
5.71724151492180e+01
1.09475832968252e+02
1.09475832968252e+02
1.09475832968252e+02
2.47837169507358e+02
2.47837169507358e+02
2.47837169507358e+02
3.63997254276610e+02
3.63997254276610e+02
3.63997254276610e+02
4.89908362439957e+02
4.89908362439957e+02
4.89908362439957e+02
6.50611441079852e+02
6.50611441079852e+02
6.50611441079852e+02
8.98204527448823e+02
8.98204527448823e+02
8.98204527448823e+02
1.11799000879138e+03
1.11799000879138e+03
1.11799000879138e+03
2.89081447498208e+03
2.89081447498208e+03
2.89081447498208e+03
3.44607773396847e+03
3.44607773396847e+03
3.44607773396847e+03
2.50350152156929e+03
2.50350152156929e+03
2.50350152156929e+03
1.40269675354097e+03
1.40269675354097e+03
1.06456637782322e+03
1.06456637782322e+03
9.09060910011834e+02
9.09060910011834e+02
7.05848127917230e+02
6.40215906639589e+02
6.46397921733723e+02
7.43342384858824e+02
8.45087183298890e+02
2.77265894748368e+00
2.77265894748368e+00
2.77265894748368e+00
5.94521279149754e+00
5.94521279149754e+00
5.94521279149754e+00
9.58451399853304e+00
9.58451399853304e+00
9.58451399853304e+00
3.51320598743297e+01
3.51320598743297e+01
3.51320598743297e+01
4.50838990646806e+01
4.50838990646806e+01
4.50838990646806e+01
1.39008034162821e+02
1.39008034162821e+02
1.39008034162821e+02
2.56575247043517e+02
2.56575247043517e+02
2.56575247043517e+02
3.55514880216160e+02
3.55514880216160e+02
3.55514880216160e+02
4.56928688969531e+02
4.56928688969531e+02
4.56928688969531e+02
6.26256417938115e+02
6.26256417938115e+02
6.26256417938115e+02
9.29493811791844e+02
9.29493811791844e+02
9.29493811791844e+02
1.30279023552715e+03
1.30279023552715e+03
1.30279023552715e+03
2.75813961518854e+03
2.75813961518854e+03
2.75813961518854e+03
3.66772476842239e+03
3.66772476842239e+03
3.66772476842239e+03
3.29133248552769e+03
3.29133248552769e+03
3.29133248552769e+03
1.48295568693222e+03
1.48295568693222e+03
1.48295568693222e+03
1.04145763332839e+03
1.04145763332839e+03
7.54639237806470e+02
7.54639237806470e+02
6.79203027188320e+02
6.03067550734701e+02
6.15339640165641e+02
6.98011383677107e+02
7.78650262772207e+02
1.24548034763549e+01
1.24548034763549e+01
1.24548034763549e+01
6.38084453910822e+00
6.38084453910822e+00
6.38084453910822e+00
2.89838642670151e+01
2.89838642670151e+01
2.89838642670151e+01
3.30528314911501e+01
3.30528314911501e+01
3.30528314911501e+01
1.10543851643625e+02
1.10543851643625e+02
1.10543851643625e+02
3.47852782599620e+02
3.47852782599620e+02
3.47852782599620e+02
3.56513219003434e+02
3.56513219003434e+02
3.56513219003434e+02
4.58833340377844e+02
4.58833340377844e+02
4.58833340377844e+02
5.85926626521151e+02
5.85926626521151e+02
5.85926626521151e+02
9.46041597039422e+02
9.46041597039422e+02
9.46041597039422e+02
1.29590730833231e+03
1.29590730833231e+03
1.29590730833231e+03
3.39518111117981e+03
3.39518111117981e+03
3.39518111117981e+03
3.89365201264505e+03
3.89365201264505e+03
3.89365201264505e+03
3.74640439839009e+03
3.74640439839009e+03
3.74640439839009e+03
1.90708323530620e+03
1.90708323530620e+03
1.90708323530620e+03
1.03120094040835e+03
1.03120094040835e+03
7.42922571790490e+02
7.42922571790490e+02
5.81545680374451e+02
5.59206397181215e+02
5.71472234726536e+02
6.54876591604320e+02
7.21474889394889e+02
7.69767530746826e+02
2.31777458798127e+01
2.31777458798127e+01
2.31777458798127e+01
2.11621150846399e+01
2.11621150846399e+01
2.11621150846399e+01
2.78424235648239e+01
2.78424235648239e+01
2.78424235648239e+01
8.39183117440990e+01
8.39183117440990e+01
8.39183117440990e+01
3.47194628950949e+02
3.47194628950949e+02
3.47194628950949e+02
3.69497446598595e+02
3.69497446598595e+02
3.69497446598595e+02
4.53269959402685e+02
4.53269959402685e+02
4.53269959402685e+02
5.42891382628850e+02
5.42891382628850e+02
5.42891382628850e+02
8.99841030556675e+02
8.99841030556675e+02
8.99841030556675e+02
1.32832946963942e+03
1.32832946963942e+03
1.32832946963942e+03
3.25618462598282e+03
3.25618462598282e+03
3.25618462598282e+03
4.79843268741846e+03
4.79843268741846e+03
4.79843268741846e+03
3.95672416185798e+03
3.95672416185798e+03
3.95672416185798e+03
2.52138066357950e+03
2.52138066357950e+03
2.52138066357950e+03
1.09729095609154e+03
1.09729095609154e+03
1.09729095609154e+03
7.28356930090660e+02
7.28356930090660e+02
5.65333541733281e+02
5.65333541733281e+02
4.72043245182912e+02
5.37590222068051e+02
6.22618400535457e+02
6.75653568641663e+02
7.06285396996565e+02
2.62753971083726e+01
2.62753971083726e+01
2.62753971083726e+01
2.79704439052807e+01
2.79704439052807e+01
2.79704439052807e+01
5.79013211526779e+01
5.79013211526779e+01
5.79013211526779e+01
2.58814526522222e+02
2.58814526522222e+02
2.58814526522222e+02
3.68770179893889e+02
3.68770179893889e+02
3.68770179893889e+02
5.14886145975274e+02
5.14886145975274e+02
5.14886145975274e+02
5.45608611162401e+02
5.45608611162401e+02
5.45608611162401e+02
8.28157631223532e+02
8.28157631223532e+02
8.28157631223532e+02
1.33490846625686e+03
1.33490846625686e+03
1.33490846625686e+03
3.20572272769693e+03
3.20572272769693e+03
3.20572272769693e+03
4.50592825606381e+03
4.50592825606381e+03
4.50592825606381e+03
3.55941139034499e+03
3.55941139034499e+03
3.55941139034499e+03
2.86447077005814e+03
2.86447077005814e+03
2.86447077005814e+03
1.43783443419580e+03
1.43783443419580e+03
1.43783443419580e+03
7.25194319961259e+02
7.25194319961259e+02
5.60568285240040e+02
5.60568285240040e+02
4.58065690035816e+02
5.32718333456844e+02
5.76986437467906e+02
6.32945083595113e+02
6.52734396268589e+02
6.46188581484198e+02
3.19752718868532e+01
3.19752718868532e+01
3.19752718868532e+01
6.03624550508178e+01
6.03624550508178e+01
6.03624550508178e+01
1.78499087795198e+02
1.78499087795198e+02
1.78499087795198e+02
3.58252342825936e+02
3.58252342825936e+02
3.58252342825936e+02
5.28047050863352e+02
5.28047050863352e+02
5.28047050863352e+02
5.66363209592265e+02
5.66363209592265e+02
5.66363209592265e+02
7.50921726753996e+02
7.50921726753996e+02
7.50921726753996e+02
1.24632329917704e+03
1.24632329917704e+03
1.24632329917704e+03
3.24747569562808e+03
3.24747569562808e+03
3.24747569562808e+03
4.26804393481223e+03
4.26804393481223e+03
4.26804393481223e+03
3.73885020398906e+03
3.73885020398906e+03
3.73885020398906e+03
2.44302109184726e+03
2.44302109184726e+03
2.44302109184726e+03
1.92385143760112e+03
1.92385143760112e+03
1.92385143760112e+03
7.82241094598713e+02
7.82241094598713e+02
7.82241094598713e+02
5.54387157683531e+02
5.54387157683531e+02
4.50148215543014e+02
4.50148215543014e+02
4.95470220406341e+02
5.94519124490527e+02
6.02395356358129e+02
6.11308371862105e+02
5.92000087442134e+02
7.77795704865567e+01
7.77795704865567e+01
7.77795704865567e+01
1.08821190671407e+02
1.08821190671407e+02
1.08821190671407e+02
2.53639916403298e+02
2.53639916403298e+02
2.53639916403298e+02
5.41821503402563e+02
5.41821503402563e+02
5.41821503402563e+02
5.48999976234162e+02
5.48999976234162e+02
5.48999976234162e+02
8.90374280503364e+02
8.90374280503364e+02
8.90374280503364e+02
1.12070123761731e+03
1.12070123761731e+03
1.12070123761731e+03
3.21577042096871e+03
3.21577042096871e+03
3.21577042096871e+03
4.15031552069737e+03
4.15031552069737e+03
4.15031552069737e+03
3.47913168894421e+03
3.47913168894421e+03
3.47913168894421e+03
2.57211010840948e+03
2.57211010840948e+03
2.57211010840948e+03
1.68710625555446e+03
1.68710625555446e+03
1.68710625555446e+03
1.05814561134153e+03
1.05814561134153e+03
1.05814561134153e+03
5.62855537878432e+02
5.62855537878432e+02
4.57222131060778e+02
4.57222131060778e+02
4.90764070929512e+02
5.64644653987352e+02
6.21065087097297e+02
5.77639466886791e+02
5.51247280396472e+02
6.47187822325609e+02
1.31875086059258e+02
1.31875086059258e+02
1.31875086059258e+02
1.66578951523310e+02
1.66578951523310e+02
1.66578951523310e+02
5.51261730208038e+02
5.51261730208038e+02
5.51261730208038e+02
5.42264569628657e+02
5.42264569628657e+02
5.42264569628657e+02
8.63391487647093e+02
8.63391487647093e+02
8.63391487647093e+02
1.21732847426318e+03
1.21732847426318e+03
1.21732847426318e+03
2.93253290532430e+03
2.93253290532430e+03
2.93253290532430e+03
4.13383769862237e+03
4.13383769862237e+03
4.13383769862237e+03
3.25704996376200e+03
3.25704996376200e+03
3.25704996376200e+03
2.68880097155802e+03
2.68880097155802e+03
2.68880097155802e+03
1.92347310477967e+03
1.92347310477967e+03
1.92347310477967e+03
9.43048289436184e+02
9.43048289436184e+02
9.43048289436184e+02
6.20674459788092e+02
6.20674459788092e+02
6.20674459788092e+02
4.60572036130072e+02
4.60572036130072e+02
4.90502802075030e+02
4.90502802075030e+02
5.28639311957073e+02
5.77705910990220e+02
5.36670554530096e+02
5.18567117531160e+02
5.93975652563326e+02
1.70683667882153e+02
1.70683667882153e+02
1.70683667882153e+02
3.87569671932113e+02
3.87569671932113e+02
3.87569671932113e+02
5.25554202219808e+02
5.25554202219808e+02
5.25554202219808e+02
8.05142171368257e+02
8.05142171368257e+02
8.05142171368257e+02
1.05821234003555e+03
1.05821234003555e+03
1.05821234003555e+03
4.13580737570896e+03
4.13580737570896e+03
4.13580737570896e+03
4.01409545986343e+03
4.01409545986343e+03
4.01409545986343e+03
3.13600660644697e+03
3.13600660644697e+03
3.13600660644697e+03
2.48383596557065e+03
2.48383596557065e+03
2.48383596557065e+03
2.02766944257846e+03
2.02766944257846e+03
2.02766944257846e+03
1.30242715267293e+03
1.30242715267293e+03
1.30242715267293e+03
5.31554065414907e+02
5.31554065414907e+02
5.31554065414907e+02
4.81412135486908e+02
4.81412135486908e+02
5.12893341225774e+02
5.12893341225774e+02
5.35247332725401e+02
5.54846307396888e+02
5.20780473306712e+02
4.65448551880001e+02
5.56525523237176e+02
6.63347713863364e+02
2.99788907941432e+02
2.99788907941432e+02
2.99788907941432e+02
2.99788907941432e+02
5.14787115497842e+02
5.14787115497842e+02
5.14787115497842e+02
5.14787115497842e+02
7.63213708064752e+02
7.63213708064752e+02
7.63213708064752e+02
7.63213708064752e+02
1.00272569261549e+03
1.00272569261549e+03
1.00272569261549e+03
1.00272569261549e+03
3.59793568772078e+03
3.59793568772078e+03
3.59793568772078e+03
3.59793568772078e+03
3.64355402922468e+03
3.64355402922468e+03
3.64355402922468e+03
3.64355402922468e+03
3.13184298474599e+03
3.13184298474599e+03
3.13184298474599e+03
3.13184298474599e+03
2.35092328393603e+03
2.35092328393603e+03
2.35092328393603e+03
2.35092328393603e+03
2.15602127193669e+03
2.15602127193669e+03
2.15602127193669e+03
2.15602127193669e+03
1.52161096575113e+03
1.52161096575113e+03
1.52161096575113e+03
1.52161096575113e+03
7.85246013897535e+02
7.85246013897535e+02
7.85246013897535e+02
7.85246013897535e+02
5.06607519495610e+02
5.06607519495610e+02
5.06607519495610e+02
5.57987956673497e+02
5.57987956673497e+02
5.57987956673497e+02
5.77776163426512e+02
5.77776163426512e+02
5.77776163426512e+02
5.59133495225162e+02
5.59133495225162e+02
5.17630724231410e+02
5.17630724231410e+02
4.66163606286245e+02
4.66163606286245e+02
5.70209081998794e+02
5.70209081998794e+02
6.39613031190760e+02
6.39613031190760e+02
8.29384839416178e+02
1.09657960735614e+03
1.15607749981224e+03
1.10608568493129e+03
9.39595448925394e+02
8.52334508732000e+02
3.42444285786530e+02
3.42444285786530e+02
3.42444285786530e+02
3.42444285786530e+02
6.77162141060689e+02
6.77162141060689e+02
6.77162141060689e+02
6.77162141060689e+02
8.85146574917621e+02
8.85146574917621e+02
8.85146574917621e+02
8.85146574917621e+02
3.01111279313702e+03
3.01111279313702e+03
3.01111279313702e+03
3.01111279313702e+03
3.23845150027732e+03
3.23845150027732e+03
3.23845150027732e+03
3.23845150027732e+03
2.68359184129073e+03
2.68359184129073e+03
2.68359184129073e+03
2.68359184129073e+03
2.27466243183518e+03
2.27466243183518e+03
2.27466243183518e+03
2.27466243183518e+03
2.00630829593291e+03
2.00630829593291e+03
2.00630829593291e+03
2.00630829593291e+03
1.62458180171450e+03
1.62458180171450e+03
1.62458180171450e+03
1.62458180171450e+03
1.11814297088544e+03
1.11814297088544e+03
1.11814297088544e+03
1.11814297088544e+03
6.08470551832527e+02
6.08470551832527e+02
6.08470551832527e+02
6.08470551832527e+02
6.34623104671221e+02
6.34623104671221e+02
6.34623104671221e+02
6.44052892658076e+02
6.44052892658076e+02
6.44052892658076e+02
6.05959826703687e+02
6.05959826703687e+02
5.30348718275519e+02
5.30348718275519e+02
4.80247595042445e+02
4.80247595042445e+02
5.74008373147112e+02
5.74008373147112e+02
7.17681006133638e+02
7.17681006133638e+02
8.10742520171030e+02
8.10742520171030e+02
1.07156242444959e+03
1.12404038465966e+03
1.08114675185283e+03
9.15279824428010e+02
6.43268461607797e+02
7.81607375362347e+02
7.81607375362347e+02
7.81607375362347e+02
7.81607375362347e+02
7.93132276401336e+02
7.93132276401336e+02
7.93132276401336e+02
7.93132276401336e+02
2.73747420207639e+03
2.73747420207639e+03
2.73747420207639e+03
2.73747420207639e+03
2.75760713464984e+03
2.75760713464984e+03
2.75760713464984e+03
2.75760713464984e+03
2.60695073886542e+03
2.60695073886542e+03
2.60695073886542e+03
2.60695073886542e+03
1.98334834138164e+03
1.98334834138164e+03
1.98334834138164e+03
1.98334834138164e+03
1.91501820745849e+03
1.91501820745849e+03
1.91501820745849e+03
1.91501820745849e+03
1.73999424499639e+03
1.73999424499639e+03
1.73999424499639e+03
1.73999424499639e+03
1.31636359380326e+03
1.31636359380326e+03
1.31636359380326e+03
1.31636359380326e+03
9.18942533056001e+02
9.18942533056001e+02
9.18942533056001e+02
9.18942533056001e+02
7.24777994726788e+02
7.24777994726788e+02
7.24777994726788e+02
7.62935823431446e+02
7.62935823431446e+02
7.62935823431446e+02
6.79033848251889e+02
6.79033848251889e+02
6.79033848251889e+02
5.57254954901344e+02
5.57254954901344e+02
4.93712600464421e+02
4.93712600464421e+02
5.89960628303904e+02
5.89960628303904e+02
7.20991964297610e+02
7.20991964297610e+02
9.55557187447971e+02
9.55557187447971e+02
1.06414627450314e+03
1.11388815002247e+03
1.07488033042570e+03
9.07106634214881e+02
6.34648170630043e+02
5.61353769768962e+02
5.61353769768962e+02
5.61353769768962e+02
5.61353769768962e+02
2.18757109171578e+03
2.18757109171578e+03
2.18757109171578e+03
2.18757109171578e+03
2.20577394646989e+03
2.20577394646989e+03
2.20577394646989e+03
2.20577394646989e+03
2.27968839378433e+03
2.27968839378433e+03
2.27968839378433e+03
2.27968839378433e+03
1.97534214112329e+03
1.97534214112329e+03
1.97534214112329e+03
1.97534214112329e+03
1.84709024365496e+03
1.84709024365496e+03
1.84709024365496e+03
1.84709024365496e+03
1.62694267621014e+03
1.62694267621014e+03
1.62694267621014e+03
1.62694267621014e+03
1.41112471248583e+03
1.41112471248583e+03
1.41112471248583e+03
1.41112471248583e+03
1.31051545511577e+03
1.31051545511577e+03
1.31051545511577e+03
1.31051545511577e+03
8.93216038969758e+02
8.93216038969758e+02
8.93216038969758e+02
8.93216038969758e+02
8.62820551515706e+02
8.62820551515706e+02
8.62820551515706e+02
7.19264022696129e+02
7.19264022696129e+02
7.19264022696129e+02
6.25564759008753e+02
6.25564759008753e+02
5.22831358476590e+02
5.22831358476590e+02
6.23107532882213e+02
6.23107532882213e+02
7.46218069088976e+02
7.46218069088976e+02
9.59953491088145e+02
9.59953491088145e+02
1.14523122415845e+03
1.11668881196723e+03
1.07133691187327e+03
9.06254188433968e+02
6.26997374206637e+02
4.72358537532776e+02
1.74272163824250e+03
1.74272163824250e+03
1.74272163824250e+03
1.74272163824250e+03
1.74272163824250e+03
1.92790276039265e+03
1.92790276039265e+03
1.92790276039265e+03
1.92790276039265e+03
1.92790276039265e+03
1.94039096088701e+03
1.94039096088701e+03
1.94039096088701e+03
1.94039096088701e+03
1.94039096088701e+03
1.95485532466534e+03
1.95485532466534e+03
1.95485532466534e+03
1.95485532466534e+03
1.95485532466534e+03
1.87115670598776e+03
1.87115670598776e+03
1.87115670598776e+03
1.87115670598776e+03
1.87115670598776e+03
1.41682740762127e+03
1.41682740762127e+03
1.41682740762127e+03
1.41682740762127e+03
1.41682740762127e+03
1.54921224556396e+03
1.54921224556396e+03
1.54921224556396e+03
1.54921224556396e+03
1.54921224556396e+03
1.57907733497721e+03
1.57907733497721e+03
1.57907733497721e+03
1.57907733497721e+03
1.57907733497721e+03
1.40612723395455e+03
1.40612723395455e+03
1.40612723395455e+03
1.40612723395455e+03
1.40612723395455e+03
1.07034164983893e+03
1.07034164983893e+03
1.07034164983893e+03
1.07034164983893e+03
9.02843303911917e+02
9.02843303911917e+02
9.02843303911917e+02
9.02843303911917e+02
6.69479076695897e+02
6.69479076695897e+02
6.69479076695897e+02
6.14301790174676e+02
6.14301790174676e+02
6.14301790174676e+02
7.06923278311482e+02
7.06923278311482e+02
7.06923278311482e+02
8.48907611844155e+02
8.48907611844155e+02
8.48907611844155e+02
1.07075531125311e+03
1.07075531125311e+03
1.07075531125311e+03
1.25417057764425e+03
1.25417057764425e+03
1.25417057764425e+03
1.31649627631329e+03
1.31649627631329e+03
1.16768777387388e+03
1.16768777387388e+03
9.85023551307364e+02
9.85023551307364e+02
6.69592064198204e+02
6.69592064198204e+02
4.91269076639154e+02
4.91269076639154e+02
4.24440454488403e+02
3.90125178273755e+02
3.39207691227211e+02
1.46707362527335e+03
1.46707362527335e+03
1.46707362527335e+03
1.46707362527335e+03
1.46707362527335e+03
1.55561165774504e+03
1.55561165774504e+03
1.55561165774504e+03
1.55561165774504e+03
1.55561165774504e+03
1.75134161555422e+03
1.75134161555422e+03
1.75134161555422e+03
1.75134161555422e+03
1.75134161555422e+03
1.92644622161040e+03
1.92644622161040e+03
1.92644622161040e+03
1.92644622161040e+03
1.92644622161040e+03
1.40504233676791e+03
1.40504233676791e+03
1.40504233676791e+03
1.40504233676791e+03
1.40504233676791e+03
1.66040487414467e+03
1.66040487414467e+03
1.66040487414467e+03
1.66040487414467e+03
1.66040487414467e+03
1.74454144881749e+03
1.74454144881749e+03
1.74454144881749e+03
1.74454144881749e+03
1.74454144881749e+03
2.04414725413462e+03
2.04414725413462e+03
2.04414725413462e+03
2.04414725413462e+03
2.04414725413462e+03
1.41104856196852e+03
1.41104856196852e+03
1.41104856196852e+03
1.41104856196852e+03
1.41104856196852e+03
1.12639218366903e+03
1.12639218366903e+03
1.12639218366903e+03
1.12639218366903e+03
8.41786123492524e+02
8.41786123492524e+02
8.41786123492524e+02
8.41786123492524e+02
6.77846013012044e+02
6.77846013012044e+02
6.77846013012044e+02
8.42873599055464e+02
8.42873599055464e+02
8.42873599055464e+02
1.01262334303965e+03
1.01262334303965e+03
1.01262334303965e+03
1.26135995886780e+03
1.26135995886780e+03
1.26135995886780e+03
1.43496230893040e+03
1.43496230893040e+03
1.43496230893040e+03
1.50474468423655e+03
1.50474468423655e+03
1.29472400042069e+03
1.29472400042069e+03
1.11168310680644e+03
1.11168310680644e+03
7.44455395071522e+02
7.44455395071522e+02
5.26587551552571e+02
5.26587551552571e+02
4.64119818302860e+02
4.64119818302860e+02
4.36973086722441e+02
3.46736778686314e+02
1.84837920095980e+03
1.84837920095980e+03
1.84837920095980e+03
1.84837920095980e+03
1.84837920095980e+03
1.86006543035279e+03
1.86006543035279e+03
1.86006543035279e+03
1.86006543035279e+03
1.86006543035279e+03
2.33539973875890e+03
2.33539973875890e+03
2.33539973875890e+03
2.33539973875890e+03
2.33539973875890e+03
1.75666777210036e+03
1.75666777210036e+03
1.75666777210036e+03
1.75666777210036e+03
1.75666777210036e+03
1.96990998656243e+03
1.96990998656243e+03
1.96990998656243e+03
1.96990998656243e+03
1.96990998656243e+03
2.42823536453629e+03
2.42823536453629e+03
2.42823536453629e+03
2.42823536453629e+03
2.42823536453629e+03
2.91163818008740e+03
2.91163818008740e+03
2.91163818008740e+03
2.91163818008740e+03
2.91163818008740e+03
2.69475116057102e+03
2.69475116057102e+03
2.69475116057102e+03
2.69475116057102e+03
2.69475116057102e+03
1.94603770572912e+03
1.94603770572912e+03
1.94603770572912e+03
1.94603770572912e+03
1.50232028377808e+03
1.50232028377808e+03
1.50232028377808e+03
1.50232028377808e+03
1.21699331919690e+03
1.21699331919690e+03
1.21699331919690e+03
1.59686711969813e+03
1.59686711969813e+03
1.59686711969813e+03
1.70871047405134e+03
1.70871047405134e+03
1.70871047405134e+03
2.13827190217085e+03
2.13827190217085e+03
2.13827190217085e+03
2.38295489245984e+03
2.38295489245984e+03
2.38295489245984e+03
2.45810911341458e+03
2.45810911341458e+03
2.45810911341458e+03
2.08945684750419e+03
2.08945684750419e+03
1.29842749615813e+03
1.29842749615813e+03
1.15356615429778e+03
1.15356615429778e+03
7.59498883857039e+02
7.59498883857039e+02
6.27089630006800e+02
6.27089630006800e+02
5.76311493523105e+02
4.70717995461461e+02
1.51582603852400e+03
1.51582603852400e+03
1.51582603852400e+03
1.51582603852400e+03
1.51582603852400e+03
2.08985407955851e+03
2.08985407955851e+03
2.08985407955851e+03
2.08985407955851e+03
2.08985407955851e+03
1.79580354552968e+03
1.79580354552968e+03
1.79580354552968e+03
1.79580354552968e+03
1.79580354552968e+03
1.99616245875293e+03
1.99616245875293e+03
1.99616245875293e+03
1.99616245875293e+03
1.99616245875293e+03
2.68582441285336e+03
2.68582441285336e+03
2.68582441285336e+03
2.68582441285336e+03
2.68582441285336e+03
3.79949362743854e+03
3.79949362743854e+03
3.79949362743854e+03
3.79949362743854e+03
3.79949362743854e+03
3.67601009323469e+03
3.67601009323469e+03
3.67601009323469e+03
3.67601009323469e+03
3.67601009323469e+03
2.51883344697331e+03
2.51883344697331e+03
2.51883344697331e+03
2.51883344697331e+03
2.51883344697331e+03
1.91151295712092e+03
1.91151295712092e+03
1.91151295712092e+03
1.91151295712092e+03
1.56880487962418e+03
1.56880487962418e+03
1.56880487962418e+03
1.56880487962418e+03
2.02686565869802e+03
2.02686565869802e+03
2.02686565869802e+03
2.61249305167857e+03
2.61249305167857e+03
2.61249305167857e+03
2.73855921736493e+03
2.73855921736493e+03
2.73855921736493e+03
3.04531183549323e+03
3.04531183549323e+03
3.04531183549323e+03
3.11968768225218e+03
3.11968768225218e+03
3.11968768225218e+03
2.65660733932218e+03
2.65660733932218e+03
1.63937944988519e+03
1.63937944988519e+03
9.75967244529627e+02
9.75967244529627e+02
9.26173225765844e+02
9.26173225765844e+02
7.40261910781329e+02
7.40261910781329e+02
6.89143749169769e+02
6.89143749169769e+02
5.73019813287968e+02
4.92312154356140e+02
1.66958639844175e+03
1.66958639844175e+03
1.66958639844175e+03
1.66958639844175e+03
1.66958639844175e+03
1.53121988288663e+03
1.53121988288663e+03
1.53121988288663e+03
1.53121988288663e+03
1.53121988288663e+03
1.77804409631566e+03
1.77804409631566e+03
1.77804409631566e+03
1.77804409631566e+03
1.77804409631566e+03
2.39040384737113e+03
2.39040384737113e+03
2.39040384737113e+03
2.39040384737113e+03
2.39040384737113e+03
3.78394946633717e+03
3.78394946633717e+03
3.78394946633717e+03
3.78394946633717e+03
3.78394946633717e+03
3.82725239991631e+03
3.82725239991631e+03
3.82725239991631e+03
3.82725239991631e+03
3.82725239991631e+03
3.04224217484990e+03
3.04224217484990e+03
3.04224217484990e+03
3.04224217484990e+03
3.04224217484990e+03
2.05581121869998e+03
2.05581121869998e+03
2.05581121869998e+03
2.05581121869998e+03
1.71288249006878e+03
1.71288249006878e+03
1.71288249006878e+03
1.71288249006878e+03
2.21747140569473e+03
2.21747140569473e+03
2.21747140569473e+03
2.83008698422849e+03
2.83008698422849e+03
2.83008698422849e+03
3.02456724533483e+03
3.02456724533483e+03
3.02456724533483e+03
3.32613881470845e+03
3.32613881470845e+03
3.32613881470845e+03
3.41663761471127e+03
3.41663761471127e+03
3.41663761471127e+03
2.91802814260805e+03
2.91802814260805e+03
2.91802814260805e+03
1.80231014856725e+03
1.80231014856725e+03
1.06141942134000e+03
1.06141942134000e+03
8.11769421793802e+02
8.11769421793802e+02
7.94533083694335e+02
7.94533083694335e+02
7.33740254689720e+02
7.33740254689720e+02
6.10607425099816e+02
5.33167466417093e+02
1.29986731985477e+03
1.29986731985477e+03
1.29986731985477e+03
1.29986731985477e+03
1.29986731985477e+03
1.50469353251709e+03
1.50469353251709e+03
1.50469353251709e+03
1.50469353251709e+03
1.50469353251709e+03
1.99403814457561e+03
1.99403814457561e+03
1.99403814457561e+03
1.99403814457561e+03
1.99403814457561e+03
3.50327534733285e+03
3.50327534733285e+03
3.50327534733285e+03
3.50327534733285e+03
3.50327534733285e+03
3.82575163995020e+03
3.82575163995020e+03
3.82575163995020e+03
3.82575163995020e+03
3.82575163995020e+03
2.71811050490413e+03
2.71811050490413e+03
2.71811050490413e+03
2.71811050490413e+03
2.71811050490413e+03
2.09904820395749e+03
2.09904820395749e+03
2.09904820395749e+03
2.09904820395749e+03
2.09904820395749e+03
1.71109846428479e+03
1.71109846428479e+03
1.71109846428479e+03
1.71109846428479e+03
2.23220931224782e+03
2.23220931224782e+03
2.23220931224782e+03
2.23220931224782e+03
2.82576914039013e+03
2.82576914039013e+03
2.82576914039013e+03
3.03019200020410e+03
3.03019200020410e+03
3.03019200020410e+03
3.72642828535136e+03
3.72642828535136e+03
3.72642828535136e+03
3.47630446265003e+03
3.47630446265003e+03
3.47630446265003e+03
2.97183836578611e+03
2.97183836578611e+03
2.97183836578611e+03
1.84566541287835e+03
1.84566541287835e+03
1.08409030426329e+03
1.08409030426329e+03
8.25006512327963e+02
8.25006512327963e+02
7.73128991243163e+02
7.73128991243163e+02
7.38067648280174e+02
7.38067648280174e+02
6.28800725375703e+02
6.28800725375703e+02
5.60463327744373e+02
4.50564243280573e+02
1.27219929948447e+03
1.27219929948447e+03
1.27219929948447e+03
1.27219929948447e+03
1.27219929948447e+03
1.62187975453553e+03
1.62187975453553e+03
1.62187975453553e+03
1.62187975453553e+03
1.62187975453553e+03
2.80088521590945e+03
2.80088521590945e+03
2.80088521590945e+03
2.80088521590945e+03
2.80088521590945e+03
3.50021489391220e+03
3.50021489391220e+03
3.50021489391220e+03
3.50021489391220e+03
3.50021489391220e+03
3.00777492897974e+03
3.00777492897974e+03
3.00777492897974e+03
3.00777492897974e+03
3.00777492897974e+03
1.78324020915975e+03
1.78324020915975e+03
1.78324020915975e+03
1.78324020915975e+03
1.78324020915975e+03
1.66860101829614e+03
1.66860101829614e+03
1.66860101829614e+03
1.66860101829614e+03
2.20192211111237e+03
2.20192211111237e+03
2.20192211111237e+03
2.20192211111237e+03
2.78957870270891e+03
2.78957870270891e+03
2.78957870270891e+03
2.96432285655726e+03
2.96432285655726e+03
2.96432285655726e+03
3.68969503137539e+03
3.68969503137539e+03
3.68969503137539e+03
3.55911261161511e+03
3.55911261161511e+03
3.55911261161511e+03
2.96206879948512e+03
2.96206879948512e+03
2.96206879948512e+03
1.84680228866839e+03
1.84680228866839e+03
1.84680228866839e+03
1.08365088274440e+03
1.08365088274440e+03
8.18771736807395e+02
8.18771736807395e+02
7.65737849261347e+02
7.65737849261347e+02
7.13945499384993e+02
7.13945499384993e+02
6.24179835888860e+02
6.24179835888860e+02
5.54769235933859e+02
4.56686759282950e+02
1.38415724519346e+03
1.38415724519346e+03
1.38415724519346e+03
1.38415724519346e+03
1.38415724519346e+03
2.10890745710425e+03
2.10890745710425e+03
2.10890745710425e+03
2.10890745710425e+03
2.10890745710425e+03
2.98406936588063e+03
2.98406936588063e+03
2.98406936588063e+03
2.98406936588063e+03
2.98406936588063e+03
2.79954843025350e+03
2.79954843025350e+03
2.79954843025350e+03
2.79954843025350e+03
2.79954843025350e+03
1.90768151844139e+03
1.90768151844139e+03
1.90768151844139e+03
1.90768151844139e+03
1.90768151844139e+03
1.49135813361418e+03
1.49135813361418e+03
1.49135813361418e+03
1.49135813361418e+03
2.02754204845324e+03
2.02754204845324e+03
2.02754204845324e+03
2.02754204845324e+03
2.58771001134458e+03
2.58771001134458e+03
2.58771001134458e+03
2.58771001134458e+03
2.73046487094707e+03
2.73046487094707e+03
2.73046487094707e+03
3.41910827157941e+03
3.41910827157941e+03
3.41910827157941e+03
3.34985065834345e+03
3.34985065834345e+03
3.34985065834345e+03
2.11662171566040e+03
2.11662171566040e+03
2.11662171566040e+03
1.75037748807242e+03
1.75037748807242e+03
1.75037748807242e+03
1.03156313301061e+03
1.03156313301061e+03
7.79232918220194e+02
7.79232918220194e+02
7.29744649561024e+02
7.29744649561024e+02
6.80731567585959e+02
6.80731567585959e+02
5.28620724577530e+02
5.28620724577530e+02
5.41784991938406e+02
5.41784991938406e+02
4.58375098983746e+02
4.26396226406026e+02
1.65441519166933e+03
1.65441519166933e+03
1.65441519166933e+03
1.65441519166933e+03
1.65441519166933e+03
2.16645857127361e+03
2.16645857127361e+03
2.16645857127361e+03
2.16645857127361e+03
2.16645857127361e+03
2.39574506973272e+03
2.39574506973272e+03
2.39574506973272e+03
2.39574506973272e+03
2.39574506973272e+03
2.03215415683479e+03
2.03215415683479e+03
2.03215415683479e+03
2.03215415683479e+03
2.03215415683479e+03
1.42637071371967e+03
1.42637071371967e+03
1.42637071371967e+03
1.42637071371967e+03
1.42637071371967e+03
2.47347784431175e+03
2.47347784431175e+03
2.47347784431175e+03
2.47347784431175e+03
2.41240452794678e+03
2.41240452794678e+03
2.41240452794678e+03
2.41240452794678e+03
2.55282725018024e+03
2.55282725018024e+03
2.55282725018024e+03
3.16664905399137e+03
3.16664905399137e+03
3.16664905399137e+03
3.15517447228409e+03
3.15517447228409e+03
3.15517447228409e+03
2.01134822529619e+03
2.01134822529619e+03
2.01134822529619e+03
1.09126081541318e+03
1.09126081541318e+03
1.09126081541318e+03
9.80677466571346e+02
9.80677466571346e+02
9.80677466571346e+02
7.39854242208556e+02
7.39854242208556e+02
6.90265731639268e+02
6.90265731639268e+02
6.45979977528172e+02
6.45979977528172e+02
5.01359469252723e+02
5.01359469252723e+02
4.55635639563281e+02
4.55635639563281e+02
4.36082160514023e+02
4.17668588841320e+02
1.70989333427658e+03
1.70989333427658e+03
1.70989333427658e+03
1.70989333427658e+03
1.70989333427658e+03
1.99841927000881e+03
1.99841927000881e+03
1.99841927000881e+03
1.99841927000881e+03
1.99841927000881e+03
1.87134114358630e+03
1.87134114358630e+03
1.87134114358630e+03
1.87134114358630e+03
1.87134114358630e+03
1.59260253844989e+03
1.59260253844989e+03
1.59260253844989e+03
1.59260253844989e+03
1.59260253844989e+03
2.32029315667736e+03
2.32029315667736e+03
2.32029315667736e+03
2.32029315667736e+03
2.24733743473478e+03
2.24733743473478e+03
2.24733743473478e+03
2.24733743473478e+03
2.42125980020299e+03
2.42125980020299e+03
2.42125980020299e+03
2.42125980020299e+03
2.98457545426413e+03
2.98457545426413e+03
2.98457545426413e+03
3.00163734816683e+03
3.00163734816683e+03
3.00163734816683e+03
1.94598991170461e+03
1.94598991170461e+03
1.94598991170461e+03
1.05772240157693e+03
1.05772240157693e+03
1.05772240157693e+03
7.22317688246399e+02
7.22317688246399e+02
7.22317688246399e+02
7.13037094921657e+02
7.13037094921657e+02
6.62793358382168e+02
6.62793358382168e+02
6.20789625886469e+02
6.20789625886469e+02
4.81499252600985e+02
4.81499252600985e+02
4.34695736296129e+02
4.34695736296129e+02
3.70231981225013e+02
4.22329716276483e+02
4.51358849502697e+02
1.58990685192476e+03
1.58990685192476e+03
1.58990685192476e+03
1.58990685192476e+03
1.58990685192476e+03
1.67192382736336e+03
1.67192382736336e+03
1.67192382736336e+03
1.67192382736336e+03
1.67192382736336e+03
1.79830060919782e+03
1.79830060919782e+03
1.79830060919782e+03
1.79830060919782e+03
1.79830060919782e+03
2.39680812341936e+03
2.39680812341936e+03
2.39680812341936e+03
2.39680812341936e+03
2.39680812341936e+03
2.26716354878879e+03
2.26716354878879e+03
2.26716354878879e+03
2.26716354878879e+03
2.73659335958557e+03
2.73659335958557e+03
2.73659335958557e+03
2.73659335958557e+03
3.06897050242402e+03
3.06897050242402e+03
3.06897050242402e+03
3.07281438644980e+03
3.07281438644980e+03
3.07281438644980e+03
2.02490035828747e+03
2.02490035828747e+03
2.02490035828747e+03
1.10223224244650e+03
1.10223224244650e+03
1.10223224244650e+03
7.37997028450328e+02
7.37997028450328e+02
7.37997028450328e+02
6.85684884655067e+02
6.85684884655067e+02
6.66405844946081e+02
6.66405844946081e+02
6.18220090017490e+02
6.18220090017490e+02
4.78497665552837e+02
4.78497665552837e+02
4.23340530025282e+02
4.23340530025282e+02
3.69520545230837e+02
3.69520545230837e+02
4.74831968260212e+02
4.51320192540459e+02
1.50701475076405e+03
1.50701475076405e+03
1.50701475076405e+03
1.50701475076405e+03
1.50701475076405e+03
1.62083119831882e+03
1.62083119831882e+03
1.62083119831882e+03
1.62083119831882e+03
1.62083119831882e+03
2.69510352899522e+03
2.69510352899522e+03
2.69510352899522e+03
2.69510352899522e+03
2.69510352899522e+03
2.22561971823568e+03
2.22561971823568e+03
2.22561971823568e+03
2.22561971823568e+03
2.75696204756988e+03
2.75696204756988e+03
2.75696204756988e+03
2.75696204756988e+03
3.58914776381576e+03
3.58914776381576e+03
3.58914776381576e+03
3.12410867273478e+03
3.12410867273478e+03
3.12410867273478e+03
2.08370398590145e+03
2.08370398590145e+03
2.08370398590145e+03
1.14726556695491e+03
1.14726556695491e+03
1.14726556695491e+03
7.60077950374449e+02
7.60077950374449e+02
7.60077950374449e+02
6.94893282963523e+02
6.94893282963523e+02
6.94893282963523e+02
6.59545080894163e+02
6.59545080894163e+02
6.20373401315957e+02
6.20373401315957e+02
4.78607129223868e+02
4.78607129223868e+02
4.15898867938066e+02
4.15898867938066e+02
3.55645832072279e+02
3.55645832072279e+02
4.55875745188807e+02
4.36869919270140e+02
4.27478057534894e+02
1.25784127710950e+03
1.25784127710950e+03
1.25784127710950e+03
1.25784127710950e+03
1.25784127710950e+03
2.57707594486197e+03
2.57707594486197e+03
2.57707594486197e+03
2.57707594486197e+03
2.57707594486197e+03
2.01932546171333e+03
2.01932546171333e+03
2.01932546171333e+03
2.01932546171333e+03
2.01932546171333e+03
2.50703758610008e+03
2.50703758610008e+03
2.50703758610008e+03
2.50703758610008e+03
3.38276941710594e+03
3.38276941710594e+03
3.38276941710594e+03
3.38276941710594e+03
2.50933592523045e+03
2.50933592523045e+03
2.50933592523045e+03
2.01248275746649e+03
2.01248275746649e+03
2.01248275746649e+03
1.13094764013909e+03
1.13094764013909e+03
1.13094764013909e+03
7.51834461659855e+02
7.51834461659855e+02
7.51834461659855e+02
6.76330504593397e+02
6.76330504593397e+02
6.76330504593397e+02
6.40854960226453e+02
6.40854960226453e+02
5.55254615063855e+02
5.55254615063855e+02
4.63242342237088e+02
4.63242342237088e+02
3.98280681884947e+02
3.98280681884947e+02
3.33356004766789e+02
3.33356004766789e+02
4.44970894712389e+02
4.44970894712389e+02
4.42896244553334e+02
4.46422060597321e+02
1.76235525819357e+03
1.76235525819357e+03
1.76235525819357e+03
1.76235525819357e+03
1.76235525819357e+03
1.89010458347378e+03
1.89010458347378e+03
1.89010458347378e+03
1.89010458347378e+03
1.89010458347378e+03
2.05907368325834e+03
2.05907368325834e+03
2.05907368325834e+03
2.05907368325834e+03
2.95201542052466e+03
2.95201542052466e+03
2.95201542052466e+03
2.27459814732851e+03
2.27459814732851e+03
1.26114423624975e+03
1.26114423624975e+03
1.26114423624975e+03
1.04212006189612e+03
1.04212006189612e+03
1.04212006189612e+03
7.06839982439595e+02
7.06839982439595e+02
7.06839982439595e+02
6.35425628480841e+02
6.35425628480841e+02
6.35425628480841e+02
6.01002716278473e+02
6.01002716278473e+02
6.01002716278473e+02
5.21979855517478e+02
5.21979855517478e+02
3.58687425725529e+02
3.58687425725529e+02
3.74846906032863e+02
3.74846906032863e+02
3.09697678265263e+02
3.09697678265263e+02
4.11893041199160e+02
4.11893041199160e+02
4.13321645738545e+02
4.35897905837854e+02
1.42630998698814e+03
1.42630998698814e+03
1.42630998698814e+03
1.42630998698814e+03
1.42630998698814e+03
1.55346577499791e+03
1.55346577499791e+03
1.55346577499791e+03
1.55346577499791e+03
1.55346577499791e+03
2.37078388212634e+03
2.37078388212634e+03
2.37078388212634e+03
2.37078388212634e+03
1.95538629243397e+03
1.95538629243397e+03
1.95538629243397e+03
1.95538629243397e+03
1.12368809631780e+03
1.12368809631780e+03
1.12368809631780e+03
6.87828731422384e+02
6.87828731422384e+02
6.87828731422384e+02
6.50291069541216e+02
6.50291069541216e+02
6.50291069541216e+02
5.90836510146624e+02
5.90836510146624e+02
5.90836510146624e+02
5.53544397984120e+02
5.53544397984120e+02
5.53544397984120e+02
4.84582014590456e+02
4.84582014590456e+02
3.35885814266753e+02
3.35885814266753e+02
2.82239982721985e+02
2.82239982721985e+02
2.83648040605316e+02
2.83648040605316e+02
3.74300009083624e+02
3.74300009083624e+02
3.96936132304250e+02
3.96936132304250e+02
4.38613253292800e+02
4.15922402229623e+02
1.59187563745484e+03
1.59187563745484e+03
1.59187563745484e+03
1.59187563745484e+03
1.59187563745484e+03
2.11793423342102e+03
2.11793423342102e+03
2.11793423342102e+03
2.11793423342102e+03
1.94526652576062e+03
1.94526652576062e+03
1.94526652576062e+03
1.94526652576062e+03
1.19151630641158e+03
1.19151630641158e+03
1.19151630641158e+03
7.21307683049562e+02
7.21307683049562e+02
7.21307683049562e+02
6.26476237498510e+02
6.26476237498510e+02
6.26476237498510e+02
6.22835519426904e+02
6.22835519426904e+02
6.22835519426904e+02
5.78158057243751e+02
5.78158057243751e+02
5.78158057243751e+02
5.00655933532596e+02
5.00655933532596e+02
5.00655933532596e+02
3.47885278112480e+02
3.47885278112480e+02
2.74789503300241e+02
2.74789503300241e+02
3.17047420490672e+02
3.17047420490672e+02
3.59138509904759e+02
3.59138509904759e+02
3.80922264004047e+02
3.80922264004047e+02
4.23657793582118e+02
4.25332510584233e+02
1.15312748003392e+03
1.15312748003392e+03
1.15312748003392e+03
1.15312748003392e+03
1.15312748003392e+03
1.58463974657626e+03
1.58463974657626e+03
1.58463974657626e+03
1.58463974657626e+03
1.09335774882924e+03
1.09335774882924e+03
1.09335774882924e+03
1.09335774882924e+03
6.90429196418693e+02
6.90429196418693e+02
6.90429196418693e+02
5.98936441263784e+02
5.98936441263784e+02
5.98936441263784e+02
6.10613832511551e+02
6.10613832511551e+02
6.10613832511551e+02
5.72060193590282e+02
5.72060193590282e+02
5.72060193590282e+02
4.90481582395321e+02
4.90481582395321e+02
4.90481582395321e+02
3.45330051409498e+02
3.45330051409498e+02
2.63576033878059e+02
2.63576033878059e+02
2.98374968301052e+02
2.98374968301052e+02
3.43255260127745e+02
3.43255260127745e+02
3.55482417599179e+02
3.55482417599179e+02
4.19268103262563e+02
4.19268103262563e+02
4.53257465217492e+02
3.61632782994583e+02
1.20761950020318e+03
1.20761950020318e+03
1.20761950020318e+03
1.20761950020318e+03
1.01601554675643e+03
1.01601554675643e+03
1.01601554675643e+03
1.01601554675643e+03
6.84522596304757e+02
6.84522596304757e+02
6.84522596304757e+02
5.80736032412346e+02
5.80736032412346e+02
5.80736032412346e+02
6.10184339602489e+02
6.10184339602489e+02
6.10184339602489e+02
5.26495656305928e+02
5.26495656305928e+02
5.26495656305928e+02
4.92797389501841e+02
4.92797389501841e+02
4.92797389501841e+02
3.50474700137293e+02
3.50474700137293e+02
3.50474700137293e+02
2.55721654755645e+02
2.55721654755645e+02
2.78848449161897e+02
2.78848449161897e+02
3.24656063055268e+02
3.24656063055268e+02
3.94328229749912e+02
3.94328229749912e+02
3.99628065030374e+02
3.99628065030374e+02
4.28326065000940e+02
3.69443907564026e+02
9.64204034055004e+02
9.64204034055004e+02
9.64204034055004e+02
9.64204034055004e+02
6.51627943720971e+02
6.51627943720971e+02
6.51627943720971e+02
6.51627943720971e+02
5.78126513525080e+02
5.78126513525080e+02
5.78126513525080e+02
5.95170079827849e+02
5.95170079827849e+02
5.95170079827849e+02
5.27706946865019e+02
5.27706946865019e+02
5.27706946865019e+02
4.67467106827728e+02
4.67467106827728e+02
4.67467106827728e+02
3.59244128942870e+02
3.59244128942870e+02
3.59244128942870e+02
2.51184077915616e+02
2.51184077915616e+02
2.65672210228406e+02
2.65672210228406e+02
3.11182070582337e+02
3.11182070582337e+02
3.79774842809000e+02
3.79774842809000e+02
3.70294384992628e+02
3.70294384992628e+02
4.33318860742809e+02
4.33318860742809e+02
4.03024895324577e+02
3.38899972593730e+02
6.30565310312442e+02
6.30565310312442e+02
6.30565310312442e+02
5.50235980625094e+02
5.50235980625094e+02
4.98277134610960e+02
4.98277134610960e+02
4.60871128317065e+02
4.60871128317065e+02
4.60871128317065e+02
4.25786196809308e+02
4.25786196809308e+02
4.25786196809308e+02
1.98729413545376e+02
1.98729413545376e+02
1.98729413545376e+02
2.26212890813024e+02
2.26212890813024e+02
2.26212890813024e+02
2.35765929321210e+02
2.35765929321210e+02
2.77282054723987e+02
2.77282054723987e+02
3.45134202934613e+02
3.45134202934613e+02
3.35611797801082e+02
3.35611797801082e+02
4.31413482317858e+02
4.31413482317858e+02
3.68453390298666e+02
3.41826887328204e+02
6.52625521618432e+02
6.52625521618432e+02
6.52625521618432e+02
6.52625521618432e+02
4.70547446300545e+02
4.70547446300545e+02
3.58063178779786e+02
3.58063178779786e+02
3.53426719002512e+02
3.53426719002512e+02
1.71385552940385e+02
1.71385552940385e+02
2.13132308246400e+02
2.13132308246400e+02
1.96924417986211e+02
1.96924417986211e+02
2.37361979503914e+02
2.37361979503914e+02
3.01219891689568e+02
3.01219891689568e+02
2.96553101178253e+02
2.96553101178253e+02
3.81673870442880e+02
3.81673870442880e+02
3.41153052005898e+02
3.68027536434605e+02
3.14805554302331e+02
7.11164832961847e+02
7.11164832961847e+02
2.80786598787554e+02
2.80786598787554e+02
2.74452466435674e+02
2.74452466435674e+02
1.44452146212798e+02
1.44452146212798e+02
1.66369027082065e+02
1.66369027082065e+02
1.44378816398007e+02
1.44378816398007e+02
1.94599917780230e+02
1.94599917780230e+02
2.50267846139887e+02
2.50267846139887e+02
2.53537618726055e+02
2.53537618726055e+02
3.24151025767777e+02
3.24151025767777e+02
3.32484533763090e+02
3.32484533763090e+02
3.05487860005876e+02
3.13007367903340e+02
9.03379534671340e+02
9.03379534671340e+02
2.57715907892456e+02
2.57715907892456e+02
1.31266909384883e+02
1.31266909384883e+02
1.40882735681377e+02
1.40882735681377e+02
1.14526027394421e+02
1.14526027394421e+02
2.13244504997271e+02
2.13244504997271e+02
2.11036993268922e+02
2.11036993268922e+02
2.18517644619553e+02
2.18517644619553e+02
2.83095940186946e+02
2.83095940186946e+02
2.88033742254119e+02
2.88033742254119e+02
2.68308695918691e+02
3.40987953794906e+02
3.10203333358992e+02
6.04807235188549e+02
6.04807235188549e+02
6.04807235188549e+02
1.69833266667018e+02
1.69833266667018e+02
1.69833266667018e+02
1.50972658280091e+02
1.50972658280091e+02
1.50972658280091e+02
8.67970389208946e+01
8.67970389208946e+01
8.67970389208946e+01
1.71730647170152e+02
1.71730647170152e+02
1.72408927234239e+02
1.72408927234239e+02
1.79978485917719e+02
1.79978485917719e+02
2.40023275981086e+02
2.40023275981086e+02
2.38677606940971e+02
2.38677606940971e+02
2.61269174667516e+02
2.61269174667516e+02
3.69190929031171e+02
3.07974295351911e+02
4.55195292531189e+02
4.55195292531189e+02
1.50219836600962e+02
1.50219836600962e+02
7.19980813752276e+01
7.19980813752276e+01
1.33072500065369e+02
1.33072500065369e+02
1.39203130214485e+02
1.39203130214485e+02
1.60825938360713e+02
1.60825938360713e+02
2.06866650525519e+02
2.06866650525519e+02
2.04429372151758e+02
2.04429372151758e+02
2.22048758671572e+02
2.22048758671572e+02
3.19406634671083e+02
3.03706642947877e+02
3.26293883332390e+02
3.26293883332390e+02
8.42784374956875e+01
8.42784374956875e+01
9.57450572314394e+01
9.57450572314394e+01
1.08330874367156e+02
1.08330874367156e+02
1.34471751390358e+02
1.34471751390358e+02
2.06897585596742e+02
2.06897585596742e+02
1.66697113659117e+02
1.66697113659117e+02
1.78331186004931e+02
1.78331186004931e+02
3.07498339852017e+02
3.07498339852017e+02
3.26126417349353e+02
2.64020727309347e+02
1.06052914415321e+02
1.06052914415321e+02
1.18814280273918e+02
1.18814280273918e+02
8.68461816923854e+01
8.68461816923854e+01
1.05358168770907e+02
1.05358168770907e+02
1.57070299871654e+02
1.57070299871654e+02
1.08301439811691e+02
1.08301439811691e+02
1.48555716854791e+02
1.48555716854791e+02
2.54556736897782e+02
2.54556736897782e+02
2.75824230446007e+02
2.58326936598105e+02
5.05650499234152e+02
5.05650499234152e+02
1.13227451355972e+02
1.13227451355972e+02
1.28113104342772e+02
1.28113104342772e+02
1.57072286253565e+02
1.57072286253565e+02
9.36342152527141e+01
9.36342152527141e+01
1.63218808036022e+02
1.63218808036022e+02
2.02054109594524e+02
2.02054109594524e+02
2.65679926645195e+02
2.65679926645195e+02
2.82149482369968e+02
2.29339045182372e+02
2.35848370237716e+02
2.35848370237716e+02
1.15165073493299e+02
1.15165073493299e+02
1.27867994217745e+02
1.27867994217745e+02
6.83130669948614e+01
6.83130669948614e+01
1.27796389354091e+02
1.27796389354091e+02
2.07060501941006e+02
2.07060501941006e+02
2.15377935049166e+02
2.15377935049166e+02
2.35239980171446e+02
2.31699174487518e+02
3.04870145267708e+02
3.04870145267708e+02
3.04870145267708e+02
1.64615897131593e+02
1.64615897131593e+02
6.72512062463554e+01
6.72512062463554e+01
1.08482565006045e+02
1.08482565006045e+02
1.70208960125471e+02
1.70208960125471e+02
1.77527918713062e+02
1.77527918713062e+02
2.24279266723056e+02
2.24279266723056e+02
2.63370669686316e+02
4.66231756227361e+02
4.55651600425805e+02
4.55651600425805e+02
6.53516857437126e+01
6.53516857437126e+01
8.53266444018574e+01
8.53266444018574e+01
1.32079324912092e+02
1.32079324912092e+02
1.34780547878518e+02
1.34780547878518e+02
2.31377195191717e+02
2.31377195191717e+02
2.17467828291175e+02
4.86825110993493e+02
8.63798574547703e+01
8.63798574547703e+01
1.11341695732116e+02
1.11341695732116e+02
1.13034747407202e+02
1.13034747407202e+02
1.10449759922632e+02
1.10449759922632e+02
1.86662130957796e+02
1.86662130957796e+02
1.93659542529594e+02
5.77048398320698e+02
4.76187823046379e+02
4.22665716559988e+02
4.22665716559988e+02
1.32238726118911e+02
1.32238726118911e+02
1.04084078132812e+02
1.04084078132812e+02
1.61723800153278e+02
1.61723800153278e+02
1.99006064999893e+02
1.99006064999893e+02
8.50683001798608e+02
5.00255354620239e+02
2.85637963118439e+02
2.85637963118439e+02
9.54930068412933e+01
9.54930068412933e+01
1.33102706221122e+02
1.33102706221122e+02
1.52197145463549e+02
1.52197145463549e+02
6.57485260194401e+02
3.21722587918210e+02
3.98373363304157e+02
2.36458073678997e+02
2.36458073678997e+02
1.49456069832941e+02
1.49456069832941e+02
1.03710600119215e+02
1.03710600119215e+02
6.33687147227134e+02
6.33687147227134e+02
3.77232939854931e+02
4.68795033340058e+02
5.26810038234808e+02
5.26810038234808e+02
1.57427300451694e+02
1.57427300451694e+02
4.61110467908157e+02
4.61110467908157e+02
2.79352378545534e+02
4.97314780834668e+02
3.44110909532843e+02
3.44110909532843e+02
2.66609830767240e+02
2.66609830767240e+02
2.76216084043441e+02
2.76216084043441e+02
6.05815373069050e+02
1.37245027789604e+02
6.80187381798716e+02
6.80187381798716e+02
2.52327593534511e+02
2.52327593534511e+02
4.07309259729182e+02
1.52843972718801e+02
2.08866764240594e+02
2.08866764240594e+02
5.70813300753373e+02
5.70813300753373e+02
2.16253193274226e+02
4.28242831582344e+02
1.29508740967591e+03
1.29508740967591e+03
1.43032320500130e+02
5.57737696099998e+02
4.98581723441556e+02
4.98581723441556e+02
9.41621385720765e+02
1.36268340854343e+03
2.97677942067717e+02
1.86767859173478e+03
3.41133716660006e+03
4.15870300690463e+02
9.08587015921366e+02
3.68382363340090e+03
