3.32472575837938e-01
5.51536079979218e-01
7.66454596034972e-01
9.10067957817937e-01
1.05824118578419e+00
1.22914114463697e+00
1.34238177725957e+00
1.64235460560145e+00
2.03828691038611e+00
2.52795815042018e+00
3.18156954695658e+00
3.64390450637923e+00
3.63248006612682e+00
3.04650163532998e+00
2.61239081094557e+00
4.59248060625581e-01
-6.22668082291832e-01
-1.25633066101626e+00
-1.57958126165096e+00
-2.34578430080567e+00
-3.14754515225146e+00
-1.38165361382554e+00
2.03122980929802e+01
2.64831457172375e+01
4.27747424025202e+01
3.54554813815104e-01
6.02943411859673e-01
7.94967094037755e-01
9.81614478973691e-01
1.16179949787701e+00
1.39988311406430e+00
1.51554799068964e+00
1.85835754743820e+00
2.28008777923210e+00
2.78890221319879e+00
3.44946381791842e+00
3.54467514596181e+00
2.87867349302593e+00
2.87897583882992e+00
1.36330724933116e+00
-3.15877740818038e-01
-1.08600989157029e+00
-1.69067704219992e+00
-2.15391377706108e+00
-2.94941244115611e+00
-1.26187935621631e+00
2.25489624459161e+01
4.53478106908434e+01
5.31413887163487e+01
3.64865811974329e-01
6.05160130792109e-01
8.36464882263942e-01
1.03774678908505e+00
1.26427306213950e+00
1.51685683957164e+00
1.65642875599534e+00
2.02509432041740e+00
2.42024397529806e+00
3.06057815854610e+00
3.33768757204150e+00
2.66424995193493e+00
2.70528507252829e+00
2.22855667064923e+00
1.53255879017942e-01
-8.72925319450783e-01
-1.49894927710923e+00
-2.31200169788001e+00
-2.74425055738488e+00
-1.11320111156086e+00
2.51553263416956e+01
5.42382616822425e+01
1.12339250895064e+02
3.63056715806405e-01
6.34883716390872e-01
8.72030218798418e-01
1.11184198339165e+00
1.33756443084861e+00
1.62777810533525e+00
1.77313154057837e+00
2.11034334387371e+00
2.60031744552103e+00
3.10572061041631e+00
3.14381622325195e+00
2.57299140261816e+00
2.49840330793417e+00
9.88717575158258e-01
-5.98779336904680e-01
-1.32414769798924e+00
-2.08468944169416e+00
-2.92743228120754e+00
-9.61103141820250e-01
2.47013759028351e+01
6.01205581027185e+01
1.92175293859026e+02
7.62197171921343e+01
3.86026543461770e-01
6.61850438567122e-01
9.22419807449094e-01
1.14655364004635e+00
1.40806403834514e+00
1.70524896204196e+00
1.82089102893630e+00
2.19645001501793e+00
2.70095385508978e+00
2.92643329640314e+00
2.36211487187016e+00
2.30976887795220e+00
1.80676481485013e+00
-1.63260420924631e-01
-1.12933627008069e+00
-1.87482836341796e+00
-2.69820059452022e+00
-5.71721572620121e-01
2.39800677603055e+01
6.64999253212061e+01
2.29252707446809e+02
1.60893383444549e+02
7.20691406460255e+01
5.94466821626162e+01
1.26130565381435e+02
3.98931489394245e-01
6.96714016958503e-01
9.45102764726840e-01
1.18665943770905e+00
1.44403471648478e+00
1.69120929104301e+00
1.86546517809468e+00
2.23746658886389e+00
2.69459678506095e+00
2.84685136027262e+00
2.12614988333552e+00
1.58468232471235e+00
6.42725760813900e-01
-8.71920102403927e-01
-1.69028458526486e+00
-2.43333893039528e+00
-4.32304817198907e-01
3.21982617164113e+01
6.47617802403036e+01
2.53561022123970e+02
2.74397709745254e+02
1.05256467385896e+02
7.76847287020249e+01
1.56188873222575e+02
4.26632866254960e-01
7.10414559801391e-01
9.59872216942029e-01
1.20359184460391e+00
1.42358096250856e+00
1.77228372113466e+00
1.84293778121623e+00
2.29733916591339e+00
2.62523808829603e+00
1.92235354871850e+00
1.90747487469699e+00
5.17357228110752e-01
-4.51280555818602e-01
-1.53598744102312e+00
-2.19101749849715e+00
-2.88508135114419e-01
3.09202600672643e+01
8.64526112137219e+01
2.78425323147262e+02
3.25976202052569e+02
2.22071236928745e+02
1.03338016429960e+02
1.87258566812107e+02
4.38496568052790e-01
7.27448563770393e-01
9.69977594028692e-01
1.16939875415240e+00
1.47768200032297e+00
1.63469300057113e+00
1.86216899955600e+00
2.40827653283317e+00
2.43069033139113e+00
1.74597065233310e+00
1.32729332264172e+00
-5.79415814343852e-01
-1.32672074054814e+00
-1.98438868436636e+00
-1.50447419090804e-01
2.95781110804053e+01
8.29217073412430e+01
3.47915575611871e+02
3.59449038150087e+02
3.77866237382084e+02
1.51176470544838e+02
2.48239061133599e+02
2.33830300643940e+02
4.47943442170922e-01
7.27714533643444e-01
9.36349565273031e-01
1.21505765145313e+00
1.35430857968250e+00
1.75769768518738e+00
2.02065934359018e+00
2.23617445555059e+00
1.56619896526674e+00
1.70666315206294e+00
2.29577943879206e-01
-1.52184561309154e+00
-1.84249346565987e+00
2.32908555794303e-02
2.81223856661190e+01
7.89463995628564e+01
3.35848650105344e+02
4.33640505401043e+02
4.47394089592569e+02
3.19313491632825e+02
3.33687416921950e+02
2.80212773029850e+02
4.56136081714073e-01
6.95915255504302e-01
9.56653166987358e-01
1.09943522101362e+00
1.40233786004232e+00
1.88429868212268e+00
2.04436751004080e+00
2.11923844523536e+00
1.55342236864807e+00
1.05919814423610e+00
-1.18871001173245e+00
-2.00411774218166e+00
2.51994999977806e-01
2.62027129919485e+01
7.47587760391817e+01
3.19600885818706e+02
4.73421085865819e+02
5.84583881330938e+02
5.41721750907502e+02
4.92123763707034e+02
3.70973581738317e+02
2.59136878933507e+02
4.25701648128883e-01
7.08979472172378e-01
8.65762884216554e-01
1.12927329014166e+00
1.46677946615743e+00
1.87355609196375e+00
1.94098459129851e+00
1.37441547013659e+00
1.50247160897511e+00
-4.98096635510715e-01
-1.83418282418947e+00
1.22309949307420e+00
2.49356767935311e+01
7.02285525006260e+01
3.01427929296094e+02
4.54496234352887e+02
6.41178884596109e+02
5.82206858297139e+02
1.04652296309608e+03
4.97296631885735e+02
3.09773304018725e+02
4.31486654292018e-01
6.24305669100496e-01
8.73590433410877e-01
1.12089993361363e+00
1.51921597116748e+00
1.86366224650345e+00
1.99034750701340e+00
1.34981804194728e+00
2.52647364088408e-01
-1.52479894125148e+00
2.11143886069921e+00
3.83168118482373e+01
6.45083538678488e+01
2.82212690763883e+02
4.29738318730520e+02
6.96202250986966e+02
6.84874737971086e+02
1.22982728929249e+03
7.30494889696928e+02
4.08697577940503e+02
2.64499007976141e+02
3.74163885531616e-01
6.27676296789066e-01
8.50971744351647e-01
1.13133194706615e+00
1.68391761160015e+00
1.94541237911535e+00
1.15829748297613e+00
7.98977809493051e-01
-8.63755539551212e-01
3.06733143455055e+00
3.74986271193918e+01
8.76756577978933e+01
2.61342858905643e+02
4.02050754385930e+02
6.62972481723016e+02
7.47792612363119e+02
2.07712739159767e+03
8.42599464893219e+02
5.45002185588381e+02
3.14748283908815e+02
3.69757494255362e-01
6.00097448526523e-01
8.17469101197720e-01
1.31451751621239e+00
1.74164822477574e+00
1.04096405937004e+00
7.08426514416148e-01
-1.21941751544541e-01
4.47390892061918e+00
4.44543128639778e+01
8.13896409483276e+01
3.21611438749189e+02
3.73371976480620e+02
6.21554293310922e+02
8.07890296886959e+02
2.42874722324573e+03
1.77687716958432e+03
6.42203445951493e+02
4.13324219875239e+02
2.04776695566771e+02
3.42137504539374e-01
5.59077436793511e-01
9.02509562731932e-01
1.51802782520155e+00
1.72704486301185e+00
3.16728543905816e-01
5.07696770444659e-01
6.64404181870343e+00
5.11995367661075e+01
7.77682131307276e+01
2.87973083968978e+02
5.09983699249234e+02
5.74521832942345e+02
7.61620953834038e+02
2.63022533181095e+03
2.97344613816459e+03
9.32960450482729e+02
3.65438629684485e+02
2.42667587385138e+02
1.08669713964956e+02
5.95067147283808e+01
3.84703953891193e+01
2.61990953178795e+01
2.61451899879691e+01
2.80324983991612e+01
3.19347050501976e-01
5.82823822410548e-01
1.09276894488485e+00
1.52522681400807e+00
2.33220822182998e-01
6.20261772435281e-01
8.21495702736298e+00
6.03441189787233e+01
8.94067452009328e+01
2.61341252876066e+02
4.63831893736685e+02
5.88339741540467e+02
7.06300922982179e+02
2.81326763066833e+03
3.44180098238114e+03
1.94930255124386e+03
4.83004243276231e+02
2.00233565870308e+02
1.33720952625850e+02
6.52948854046053e+01
3.83124799306427e+01
2.61019799727323e+01
2.59426319580482e+01
2.86938322510350e+01
3.24027586342737e-01
6.56309346146404e-01
1.34294018010287e+00
8.86302378334149e-01
5.17781394474758e-01
1.55868527831254e+01
7.23624898930791e+01
9.95400409051037e+01
2.43381421561753e+02
4.08899756006619e+02
5.36233301382517e+02
7.55465049861762e+02
2.61962582003247e+03
3.68699562556246e+03
3.22687965267785e+03
6.96745143964327e+02
2.61666042299920e+02
1.08706564159002e+02
7.11029510920707e+01
3.87850472006748e+01
2.58145793599176e+01
2.60060134673330e+01
2.84138773425398e+01
3.28501414024906e-01
8.59200684387952e-01
8.10040894933251e-01
3.51638136616923e-01
1.33648124408308e+01
1.18424697532355e+02
1.12270533593331e+02
2.71895329071634e+02
3.64389778906622e+02
4.80928009680813e+02
6.84653376049057e+02
3.15376587628522e+03
3.88455977699794e+03
3.68368137298180e+03
1.44133536341503e+03
3.43480299002743e+02
1.28276359893150e+02
5.55116329459327e+01
4.26456301252450e+01
2.57675631432332e+01
2.58418981114938e+01
2.80701776067378e+01
3.25778226031578e+01
3.97895742902548e-01
8.10345203542845e-01
1.17879663287976e+00
1.04199254211637e+01
1.21822043559536e+02
1.17570110670194e+02
2.93805537752099e+02
3.34166318183602e+02
4.17509318243057e+02
6.13049461346517e+02
2.85594277450220e+03
4.88108621169148e+03
3.89270100786307e+03
2.35815897143089e+03
4.92293299715689e+02
1.67290493254285e+02
6.86011349186559e+01
2.80575129924918e+01
2.62473470024931e+01
2.55091483164734e+01
2.80635667206447e+01
3.21098569666642e+01
4.37300501381764e-01
9.16588320279499e-01
7.33240066879387e+00
9.26821015653603e+01
1.31115665713342e+02
4.29118255515218e+02
3.74400484882210e+02
3.68312656801572e+02
5.39379514165448e+02
2.54429871706105e+03
4.43824756647610e+03
3.42547687971128e+03
2.65851125834677e+03
1.01299400331899e+03
2.18711784017586e+02
8.09559739222842e+01
3.09196431750463e+01
2.44691464967059e+01
2.54707023897128e+01
2.78317112007479e+01
3.16060909779318e+01
3.72346873918622e+01
7.79061487864979e-01
8.66563458978969e+00
6.68342396316501e+01
1.26534226080451e+02
4.57584199738308e+02
3.63903447187892e+02
3.36497403527847e+02
4.57442523802502e+02
2.23402718102886e+03
3.94443120089326e+03
3.53300364346173e+03
2.12403035776130e+03
1.64165187935350e+03
3.12052217126352e+02
1.05984211633154e+02
3.89093549597369e+01
2.75064929356539e+01
2.58056920243664e+01
2.74162791317070e+01
3.15028198935961e+01
3.65770242845492e+01
5.23264460836985e+00
3.97547409348184e+01
8.41803636373520e+01
4.72373696474097e+02
3.94453447193375e+02
3.47678832121832e+02
3.87489710690019e+02
1.89256753616284e+03
3.39135312331016e+03
3.11627939179518e+03
2.17882161364229e+03
1.37532426909143e+03
6.33075403428485e+02
1.37060337520583e+02
4.58899053862412e+01
3.02645545788631e+01
2.61178380084280e+01
2.91325826101037e+01
3.08699565891336e+01
3.55850812596459e+01
7.26125034778776e+01
2.90116286457133e+01
4.93507062842419e+01
4.05346952531963e+02
4.25672991601357e+02
3.90361340667666e+02
3.69458173306850e+02
1.52760365259292e+03
2.84774214168074e+03
2.66854498473778e+03
2.18182876975941e+03
1.50251350716076e+03
5.05387876672098e+02
1.93028957812106e+02
6.04599715263201e+01
3.81864105438369e+01
2.92040360239836e+01
2.87298856499791e+01
3.13272447368470e+01
3.50461904924948e+01
7.04865275442850e+01
2.53466946675035e+01
2.29894060776684e+02
4.57083822354714e+02
4.16242501296757e+02
3.24119231334314e+02
2.24826846877781e+03
2.37351493975282e+03
2.27613608325167e+03
1.91790659382263e+03
1.54385842479521e+03
8.14137360477927e+02
1.27216734684913e+02
8.08870323090555e+01
4.67616505309146e+01
3.35561606498581e+01
3.04736558898393e+01
3.19678435710124e+01
3.80027170783469e+01
7.09347524980108e+01
1.03593665812554e+02
1.26194831302772e+02
3.99046489465156e+02
4.44492571953168e+02
3.72995102856096e+02
1.86952220540159e+03
2.10647245556475e+03
1.93657570071815e+03
1.67350351432788e+03
1.58017555468357e+03
9.08987272818839e+02
2.71177148328788e+02
7.85659433217658e+01
6.87349692515933e+01
4.89325435793491e+01
4.13559209649516e+01
3.92639972536815e+01
4.55877474439897e+01
9.60613068775735e+01
1.17833447667337e+02
1.59968842869215e+02
2.17007518286730e+02
2.14531515371327e+02
1.78823686416221e+02
1.46710014468537e+02
1.27759939950085e+02
7.25302342990165e+01
4.25593121417361e+02
3.70093570938230e+02
1.54534162582344e+03
1.64794945439170e+03
1.48366737367580e+03
1.40894384454298e+03
1.37695417487755e+03
9.32324927569135e+02
4.36532312206284e+02
1.18412395918573e+02
7.83883907044507e+01
6.71289635530134e+01
5.69631837121301e+01
5.28702285203819e+01
5.91501223771048e+01
1.20168179165880e+02
1.78370216823938e+02
1.93779820792555e+02
2.65482223116215e+02
2.60568725554025e+02
2.17154935377980e+02
1.76979894980313e+02
1.15287582851999e+02
3.64143679583136e+02
3.42778525120788e+02
1.63195381445188e+03
1.37112769336404e+03
1.27809497881013e+03
1.20273910191048e+03
1.24526791600171e+03
9.84817195691481e+02
4.97783292607892e+02
2.54333452038196e+02
1.26328266209143e+02
1.10813874379300e+02
1.05494887364900e+02
9.88948583137796e+01
1.05556709769817e+02
2.00485320327125e+02
2.96817787988340e+02
3.97468662641526e+02
4.34519957872369e+02
4.25993148431030e+02
3.59074686284112e+02
2.90649603065890e+02
1.80663226300014e+02
4.10776604054111e+02
1.61590278795623e+03
1.21852473745724e+03
1.09779655839093e+03
1.09463652016237e+03
1.21021935965457e+03
9.25841737797844e+02
5.38910573974850e+02
4.06952451409426e+02
1.78715471982436e+02
1.47048928765755e+02
1.27834323833439e+02
1.21366408395276e+02
1.26838932895438e+02
2.34855260019525e+02
3.49890155500237e+02
4.67137646681880e+02
5.19469292037712e+02
5.00520992822258e+02
4.22962804363700e+02
3.42186767933472e+02
2.09973486253250e+02
1.04835011332224e+02
1.43429260002373e+03
1.28406016339930e+03
9.40728708604406e+02
9.68200865095841e+02
1.11596219527048e+03
5.82870511260713e+02
5.78772672462797e+02
4.61336178944624e+02
3.34933725801774e+02
1.90833796443404e+02
1.59192648692062e+02
1.48824787714878e+02
1.56128201330876e+02
2.77315030020062e+02
4.13375512555257e+02
5.53095303090956e+02
6.12256009131011e+02
6.06093154112797e+02
5.03912253256677e+02
4.09027669284197e+02
2.47540739152656e+02
1.20124242439638e+02
9.08029697040776e+01
7.14600250958922e+01
6.46255431059321e+01
7.48912313617447e+02
7.76644620793335e+02
8.01063263045184e+02
1.00937832599864e+03
5.42325559065013e+02
5.40337820324398e+02
4.92499808737550e+02
5.19402408788856e+02
2.61947321073930e+02
2.08952851029007e+02
1.94123146374428e+02
2.03878622168668e+02
3.39975869889994e+02
5.03949196620824e+02
6.81083620105508e+02
7.52229115048240e+02
7.48131346515275e+02
6.19169716487085e+02
5.09530346712686e+02
3.05944009528526e+02
1.43777739236912e+02
1.05587580475317e+02
8.16040285493698e+01
6.15477963172905e+01
1.11701073219578e+03
1.07536728067878e+03
1.34386524381666e+03
6.79180984287404e+02
6.46754599741638e+02
5.94213676973013e+02
7.00497159061743e+02
6.16466762573539e+02
4.51491554811123e+02
4.49965564780779e+02
4.85259236855988e+02
1.01201444755833e+03
1.17613690033689e+03
1.60075017682585e+03
1.76441667482766e+03
1.75880063915982e+03
1.47774303761766e+03
8.60672318604481e+02
7.21886365056310e+02
3.14378844784022e+02
2.14740011645987e+02
1.57466898396442e+02
1.11899180037298e+02
7.83279541943778e+02
1.21751196936623e+03
6.79287152349177e+02
6.72304228687985e+02
6.78227275573572e+02
9.22394776686047e+02
9.12436751926686e+02
6.43974894619006e+02
6.44669029037796e+02
7.14635044374905e+02
1.47733956833262e+03
2.38897460270073e+03
2.35254516025469e+03
2.61795871128475e+03
2.63034841993116e+03
2.23419498713120e+03
1.30465678284915e+03
5.25447895569823e+02
4.70476697878618e+02
3.15183104929963e+02
2.28137294620698e+02
1.59354901405989e+02
1.15148856886661e+02
7.53348853424434e+02
5.28276119112928e+02
5.87467733506444e+02
6.09844221497310e+02
9.40978770614281e+02
9.66726004575637e+02
8.29298230336164e+02
7.09986073023298e+02
7.96221504486164e+02
1.63930496674652e+03
2.68300344639677e+03
2.65522598258822e+03
2.98043258611701e+03
3.02513824456671e+03
2.59499376612215e+03
1.52954652548068e+03
6.16821944258543e+02
3.97645278970269e+02
3.68469240195664e+02
2.66851491546598e+02
1.85646628657818e+02
1.34577974471109e+02
3.00192197916138e+02
4.52816339471199e+02
5.11371383811261e+02
8.92819120622975e+02
9.49966417247028e+02
8.41075832706757e+02
7.29774951379422e+02
8.00456115587585e+02
1.67079561515704e+03
2.71747790111345e+03
2.70506958586638e+03
3.26437423271606e+03
3.13590504752445e+03
2.71902279836782e+03
1.62020756692291e+03
6.56414731630740e+02
4.25322169502000e+02
3.30449240654192e+02
2.85519529503298e+02
1.98845042317664e+02
1.44782224364255e+02
9.08803367245917e+01
2.83624659362181e+02
3.98072545372084e+02
7.27776019216114e+02
9.00745698466551e+02
9.59618198473109e+02
7.50585125801117e+02
7.79925126102231e+02
1.61750887009226e+03
2.61635453074597e+03
2.63566520050817e+03
3.21244568939558e+03
3.38207168674653e+03
2.72656268535080e+03
1.64180490193386e+03
6.71961133641212e+02
4.37347714776633e+02
3.40920592776562e+02
2.30012282409496e+02
2.05893325770320e+02
1.50455132230552e+02
9.48586466724047e+01
2.43865746895472e+02
5.26127296522416e+02
7.70481045822952e+02
8.56640259537848e+02
7.95399531033022e+02
7.43551284135340e+02
1.42948446537219e+03
2.32702340951299e+03
2.33256918386141e+03
2.86654224114638e+03
3.06604133485381e+03
1.91694839471300e+03
1.51643688391073e+03
6.29002988703446e+02
4.12733901611072e+02
3.24564765661253e+02
2.19141549052687e+02
1.67626342183970e+02
1.44534483883089e+02
9.16639179164273e+01
6.97998974019750e+01
3.10903125997037e+02
5.38359081386915e+02
7.33148567436821e+02
8.27917415327436e+02
6.72676715210950e+02
1.99862153860671e+03
2.00470933757586e+03
2.00326105761876e+03
2.49979971444688e+03
2.71444026460528e+03
1.72674836763928e+03
6.60624261496116e+02
5.76616485250971e+02
3.83817172658993e+02
3.03960661216504e+02
2.06402040477158e+02
1.58485498634305e+02
9.80167307518402e+01
8.73320139856498e+01
6.68989329403850e+01
3.23435618281136e+02
5.78348021704122e+02
6.91399919715592e+02
7.23339837484015e+02
1.71774034411072e+03
1.73811754117632e+03
1.73185686397240e+03
2.15152207562608e+03
2.36657619171518e+03
1.53406702714185e+03
5.96244461922785e+02
3.87472009526949e+02
3.53609756081784e+02
2.82436021339249e+02
1.93526365843078e+02
1.48690736458663e+02
9.26994079890865e+01
7.02423245706487e+01
6.37491554441836e+01
4.61084437501691e+01
3.48954127678253e+02
5.65576049980742e+02
7.62511747310867e+02
1.58381263022514e+03
1.53122416633297e+03
1.55613768461538e+03
1.87758313448050e+03
2.11125300331106e+03
1.39176714332533e+03
5.51143282634465e+02
3.62500572339572e+02
2.87284456000130e+02
2.68719218750192e+02
1.84993698448071e+02
1.42893261259716e+02
8.93793640131114e+01
6.80871400274539e+01
4.59715043491939e+01
4.50745245996740e+01
3.77106273885697e+02
5.79162634550991e+02
1.75452988606875e+03
1.32398417625069e+03
1.34892164075962e+03
2.01157467251654e+03
1.87607103964163e+03
1.25717783739993e+03
5.07953767175377e+02
3.38909341236811e+02
2.71518458861131e+02
2.12408620488961e+02
1.77307557394977e+02
1.38208384608849e+02
8.64106520179564e+01
6.63422598825564e+01
4.50005194998319e+01
4.11707890482408e+01
4.16042528015297e+01
3.77008275055472e+02
1.71352877619718e+03
1.16456244340441e+03
1.16455692185558e+03
1.79337544030917e+03
1.54694381105025e+03
1.13699045441019e+03
4.68237483154990e+02
3.18697051725236e+02
2.58636693308794e+02
2.04145622108026e+02
1.50676183390770e+02
1.34407944756318e+02
8.44487551843093e+01
6.50479864515240e+01
4.43741839650024e+01
4.08223687405511e+01
4.04351884071776e+01
1.02594691914557e+03
1.17291535573989e+03
9.63720881995668e+02
1.54386897960919e+03
1.36580272122541e+03
5.23844704555016e+02
4.30988543659147e+02
2.99453046542689e+02
2.46969764737601e+02
1.95968832081867e+02
1.47232603726515e+02
9.70419943046281e+01
8.34407687275864e+01
6.42087039676082e+01
4.41678617732670e+01
4.07674484150359e+01
4.05941853956222e+01
1.03667290145279e+03
8.08258422498618e+02
1.33590640465664e+03
1.26609430997949e+03
4.94844811893803e+02
3.05425343345526e+02
2.88428748960577e+02
2.43401914643498e+02
1.93980689102619e+02
1.47775166904777e+02
9.81972284252824e+01
7.49110269875916e+01
6.54820344375184e+01
4.51466137125791e+01
4.18248046278944e+01
4.18332436604850e+01
4.18428128605518e+01
9.66120724340717e+02
1.46408455009634e+03
1.48428901618351e+03
5.96679129842369e+02
3.74943392032613e+02
3.34668984977359e+02
3.01153551708115e+02
2.36422353693041e+02
1.81901272399708e+02
1.21664471911363e+02
9.31279755962706e+01
5.90594623185436e+01
5.58327574669291e+01
5.16770140873256e+01
5.15033415522234e+01
5.15722236161930e+01
1.18163094654691e+03
1.34481194304451e+03
6.10554799308590e+02
3.91648938700084e+02
3.56921446396160e+02
2.55274332597489e+02
2.56823874997179e+02
2.01124895129834e+02
1.36127207578667e+02
1.05117426180646e+02
6.72495275331021e+01
5.82938569042875e+01
5.86661456721519e+01
5.86107477919632e+01
5.89323872952871e+01
5.73087429736828e+01
9.69708491372839e+02
5.55629628391485e+02
3.80927685590268e+02
3.71366251297968e+02
2.67480775168685e+02
2.83219930414992e+02
2.20615543645394e+02
1.51320327605151e+02
1.19533307398751e+02
7.71322618425520e+01
6.71447487195917e+01
6.55423179471614e+01
6.77484139418003e+01
6.83248130607210e+01
6.68724027255863e+01
4.19790930811160e+02
3.60294506654619e+02
3.79924355691569e+02
2.80719876599170e+02
3.13734145810100e+02
1.73643717006445e+02
1.75135336571574e+02
1.41814519413754e+02
9.28819177787257e+01
8.18687967858598e+01
7.97231545496537e+01
8.62673504999609e+01
8.39661097052784e+01
8.28439054662150e+01
7.59672394754924e+01
2.39704378921203e+02
2.97410753357244e+02
2.39838056623995e+02
2.85249277501260e+02
1.66529375878331e+02
1.73460825555230e+02
1.41557839376555e+02
9.56570651039876e+01
8.53833383172962e+01
8.39242878087551e+01
9.13363857207096e+01
9.01656905179244e+01
8.88308321796668e+01
8.21468480619242e+01
1.74071927458648e+02
1.62759101857438e+02
2.07035774517555e+02
1.30666175104085e+02
1.43032751248609e+02
8.63798806610763e+01
8.33277468568435e+01
7.59314237925974e+01
7.60521057105106e+01
8.30356847676760e+01
8.32368140651177e+01
7.87488229894245e+01
7.69620505333419e+01
7.89764542777042e+01
1.03417460853062e+02
1.38995091731715e+02
9.58412365100750e+01
1.13578913775373e+02
7.18213976228987e+01
6.76034391552789e+01
6.59807167793033e+01
6.71830244157159e+01
7.42371487618768e+01
7.51433450058227e+01
7.19141677018938e+01
7.04366925727986e+01
7.33040290507420e+01
7.75511164504458e+01
6.14396164817362e+01
8.24339551537376e+01
5.60671709523471e+01
5.50985005382621e+01
5.45603478172875e+01
5.77261914755839e+01
6.50933818378152e+01
6.62608034354381e+01
6.45271405121485e+01
6.39549899076323e+01
6.66768937890129e+01
7.07890585665737e+01
5.08454060371068e+01
6.20099576543718e+01
4.58629194893203e+01
4.68857475032446e+01
4.77141415911164e+01
5.50650888925706e+01
5.81582370995438e+01
5.98082321387174e+01
5.86055888837293e+01
5.87461081022866e+01
6.17846367117674e+01
7.18784418467151e+01
3.84403731690079e+01
3.30632814569365e+01
3.67950526233529e+01
3.92279646516679e+01
4.76245142362082e+01
5.48380555300878e+01
5.30137313074120e+01
5.20150533556893e+01
5.31304572682518e+01
5.63253022691777e+01
6.62386586501452e+01
1.99982922107233e+01
2.59665628013036e+01
3.01087200407394e+01
3.81507666169569e+01
4.53290500493261e+01
4.29419208825301e+01
4.40500454526549e+01
4.57016892670458e+01
4.91437106181651e+01
5.85997513526661e+01
6.17228161096916e+01
1.87605821806480e+01
2.29303046482764e+01
3.01184658751759e+01
3.81177177543779e+01
3.67215358378870e+01
4.01485457992514e+01
3.95285121730808e+01
4.31366216826984e+01
5.19149357779340e+01
5.53413050767060e+01
1.38887557859860e+01
2.14926052435000e+01
2.90067306000472e+01
2.95582590099100e+01
3.32088165704911e+01
3.22832612066973e+01
3.63384046248064e+01
4.44803622860650e+01
4.81713642267896e+01
4.81504190593045e+01
1.26505343887850e+01
1.99802610337068e+01
2.31630881162560e+01
2.69544604184857e+01
2.69033485379813e+01
3.50285972558943e+01
3.77928463343302e+01
4.14556753156759e+01
4.21122096682271e+01
1.26750295205088e+01
1.69001948354032e+01
2.13145775111792e+01
2.23380457646690e+01
2.90210411780906e+01
3.49760240338363e+01
3.53221747913575e+01
3.65193409620136e+01
3.74135888092222e+01
9.97113332870547e+00
1.62405141670672e+01
1.82196235189718e+01
2.42230526102755e+01
2.95871092127532e+01
3.12265683181805e+01
3.16241061897795e+01
3.29408475201588e+01
1.01722374182235e+01
1.39209116375644e+01
1.98040484609334e+01
2.44288460176912e+01
2.66590509238485e+01
2.79488291636341e+01
2.87718782024331e+01
2.88185046979838e+01
8.90485002398326e+00
1.50430638345556e+01
1.96902084265832e+01
2.21521237082675e+01
2.38313372397855e+01
2.60223490347208e+01
2.53487240481172e+01
8.99986829951263e+00
1.44606570199799e+01
1.71223946555737e+01
1.95290079940899e+01
2.19618026668087e+01
2.15050261116885e+01
2.07981841639635e+01
9.48367464724761e+00
1.31279377481589e+01
1.58452620379399e+01
1.85894449379057e+01
1.87821354755053e+01
1.80859558480702e+01
8.44423435750611e+00
1.17475461405778e+01
1.51409201300507e+01
1.59630577328410e+01
1.59969289536924e+01
7.52967045908681e+00
1.14193348082729e+01
1.30718407124258e+01
1.38176067170346e+01
1.53980296506316e+01
6.82731446252933e+00
9.66827582709301e+00
1.10986998798803e+01
1.32049277148576e+01
5.81113946418441e+00
8.09334618728613e+00
1.06302421850021e+01
1.25267097838070e+01
4.92627882273390e+00
7.80247490325526e+00
1.02078588332701e+01
4.62719107306599e+00
7.43090061662877e+00
9.05860224056497e+00
4.27915389892714e+00
6.63416830776855e+00
3.95430224208146e+00
6.11049308248503e+00
3.78429482950376e+00
3.56593907414202e+00
