-2.58155957433479e+01
4.97401072967905e+01
3.73746793234222e+01
5.90771182421115e+01
4.61664306899806e+01
2.83452192289220e+01
5.49480190515503e+01
4.32496316732386e+01
2.91622770812935e+01
1.49904578827693e+01
5.87470235199080e+01
4.58920607078227e+01
3.22782286308439e+01
2.02516762839446e+01
1.10290550098922e+01
5.54568552032156e+01
4.74339681614037e+01
3.70117831146471e+01
2.48523219269729e+01
1.52225576972792e+01
8.21715317054443e+00
5.64846459432728e+01
4.86410765173649e+01
3.83586063841280e+01
2.95010050270928e+01
2.12926955022792e+01
1.29946090640063e+01
7.29550635580235e+00
5.90803057142938e+01
5.04370965893331e+01
4.38122122969884e+01
3.49094304886941e+01
2.58053631871546e+01
1.85112778633558e+01
1.32333719300137e+01
7.00222210876257e+00
6.13766591901577e+01
5.34706674457404e+01
4.44631462226101e+01
3.73761856008470e+01
2.90674553649017e+01
2.20847563981367e+01
1.59577609975099e+01
1.06086206037841e+01
6.73602728105863e+00
6.07543251352400e+01
5.42738233485354e+01
4.72366220366064e+01
3.89588480496754e+01
3.40689357757640e+01
2.72149442669158e+01
2.09538190520075e+01
1.52436671095716e+01
9.90033438578111e+00
5.40218891949296e+00
6.67715416193769e+01
6.01571389586093e+01
5.23818756715975e+01
4.47646264549279e+01
3.78602408387619e+01
3.49333046349899e+01
2.79659792030930e+01
2.17087764979770e+01
1.57091923390585e+01
1.07048353967498e+01
5.64697068564242e+00
6.82462701501152e+01
6.23795376970561e+01
5.54599351702124e+01
4.84008272660127e+01
4.12441689318377e+01
3.47719793609015e+01
7.39530715514701e+01
2.91755423340184e+01
2.48926829408673e+01
1.95902671320951e+01
1.50071936014356e+01
1.01716815374420e+01
5.30402565454628e+00
6.85376787195261e+01
6.17533814483863e+01
5.51959348966770e+01
4.84096318132125e+01
4.17875029363432e+01
3.56513932613969e+01
8.00189120094963e+01
7.47928741029603e+01
3.58108581253561e+01
3.00249159158909e+01
2.47377080988738e+01
1.76648892117197e+01
1.14640965313539e+01
6.97479571218250e+00
7.59699043191157e+01
6.81113332343283e+01
6.02028685085216e+01
5.25781485300338e+01
4.60841183731356e+01
3.91872975304727e+01
1.06332135034666e+02
1.00686923807678e+02
9.07503943172346e+01
3.67764938106328e+01
2.99541641978848e+01
2.37913968904796e+01
1.77614553577725e+01
1.21669891799541e+01
9.11304926869738e+00
9.27905946988988e+01
8.37468230199936e+01
7.40348168617982e+01
6.59013932207978e+01
5.74854834755516e+01
4.98116464777941e+01
1.37779462726546e+02
1.31671437627760e+02
1.20123018838534e+02
1.12242664491526e+02
5.29897889527930e+01
4.37448872947961e+01
3.28896790792966e+01
2.65702783380425e+01
2.20722105714812e+01
1.44050921059020e+01
1.18904939644989e+02
1.05834477224309e+02
9.61751307323000e+01
8.48347688389760e+01
7.47044693013967e+01
6.46023251259585e+01
1.66321596347478e+02
1.55755376788926e+02
1.45909874592646e+02
1.37725157782721e+02
1.24233282435354e+02
6.64214964216541e+01
5.35342351024631e+01
4.50720970429016e+01
3.60118108929792e+01
2.73150332129826e+01
2.03904204433004e+01
1.25390570213728e+02
1.17357116643784e+02
1.04207932601080e+02
9.40038981500151e+01
8.23397820365229e+01
7.02650700226890e+01
2.13479186696233e+02
2.00530714467682e+02
1.84890570991501e+02
1.70394249725439e+02
1.58726920086337e+02
1.48552529432267e+02
2.31496017499575e+02
6.26096235975833e+01
5.46176594643989e+01
4.69212615165344e+01
3.76839030445516e+01
2.71681379240500e+01
1.96548548194854e+01
1.49654251477356e+02
1.34201657783297e+02
1.25190215367056e+02
1.10108372013910e+02
9.64615620804178e+01
8.07079891492611e+01
2.36073050421199e+02
2.17196382634602e+02
2.00745873711932e+02
1.83473760771340e+02
1.66728628494305e+02
1.56596682465498e+02
2.36635494596060e+02
2.22704638248884e+02
9.25897122286852e+01
8.11361550037119e+01
6.80226772742532e+01
5.49342339585946e+01
4.25210539242572e+01
2.89754875122960e+01
1.65082184816739e+02
1.55366323597739e+02
1.37991404232685e+02
1.25966940937167e+02
1.06503975531795e+02
9.49934961564663e+01
2.25087342324084e+02
2.07861623605132e+02
1.89079604429517e+02
1.72008336806145e+02
1.57623938213298e+02
1.42421050799605e+02
2.69479103097307e+02
2.54754648875300e+02
2.35933010602833e+02
8.83223651049148e+01
7.58971576880801e+01
6.40631605415782e+01
5.32785563718376e+01
4.27756338044824e+01
3.02980596312872e+01
1.22437092548742e+02
1.13246324330804e+02
1.04362428948229e+02
8.93251450782698e+01
8.30663770086039e+01
7.37775433917674e+01
2.14769596584388e+02
1.96647670720441e+02
1.79180770602541e+02
1.63724210900234e+02
1.48414838462366e+02
1.35299090970725e+02
2.65385107626274e+02
2.51319444091719e+02
2.33523325556161e+02
2.17321206157517e+02
4.98290172705755e+01
4.38625209647335e+01
3.76969319313571e+01
3.22270964618240e+01
2.58414061386565e+01
1.98021403863116e+01
1.16920033589163e+02
1.04223241642008e+02
9.43181275935294e+01
8.93011712641931e+01
8.04229240548222e+01
7.45079741697141e+01
1.93116135060186e+02
1.76834247288383e+02
1.62440847254066e+02
1.47537571287846e+02
1.34010281878579e+02
1.20773828563320e+02
2.72996414293719e+02
2.59244409539318e+02
2.41713375867075e+02
2.25496554183613e+02
2.07662915732215e+02
8.46912771256529e+01
7.34696259164820e+01
6.58802690050594e+01
5.56303658976256e+01
4.65335382117265e+01
3.47819798657527e+01
1.25399107609757e+02
1.10677257392953e+02
1.00271868067050e+02
9.50683838686972e+01
8.92322983008138e+01
7.87006889522136e+01
2.13849221994414e+02
1.97615301516343e+02
1.80289446599207e+02
1.64493444723434e+02
1.48586483656940e+02
1.32697230163718e+02
3.01931671452265e+02
2.85374539999053e+02
2.65929492117885e+02
2.48652208753216e+02
2.29616310223103e+02
2.11325128714169e+02
3.03947661838232e+02
6.92714541863720e+01
6.60073370243696e+01
5.70164203439583e+01
5.13697092248763e+01
4.12329187160599e+01
2.83089530832267e+01
1.19351322181307e+02
1.08596311425096e+02
1.00472529786606e+02
9.07680860412814e+01
8.55135644329524e+01
8.15565821014752e+01
1.94740846687487e+02
1.78378251646124e+02
1.63963582000368e+02
1.48903531729939e+02
1.33718761767508e+02
1.18236768883343e+02
2.87901345556450e+02
2.69999786557024e+02
2.51345847691639e+02
2.32234601422053e+02
2.14583033433671e+02
1.98894889408760e+02
8.57526766485778e+01
7.66163021058454e+01
7.36956800533863e+01
6.10994210301746e+01
4.79688482853663e+01
3.70607990928698e+01
1.14925707887135e+02
1.05799626036506e+02
9.59883097086742e+01
8.80575934515987e+01
8.05983065761601e+01
7.81452057559942e+01
1.90762277245903e+02
1.75688471236398e+02
1.60241036204109e+02
1.45234855202055e+02
1.29297153568797e+02
1.18183610544118e+02
2.68410795502807e+02
2.49646172622395e+02
2.29543373859835e+02
2.12702719694562e+02
1.95982644695996e+02
6.86747614864422e+01
6.78595397780237e+01
5.94616258769699e+01
5.11945044291583e+01
3.92626304832519e+01
2.93854634032068e+01
1.08274514803620e+02
9.88784654497743e+01
9.05279493519058e+01
8.34094436550307e+01
7.88596099973521e+01
7.32242209582249e+01
1.79424287588098e+02
1.64536921755502e+02
1.49573508796537e+02
1.33970077529285e+02
1.23724466786047e+02
1.14683819516057e+02
2.24348358909779e+02
2.09434519278982e+02
1.92071051991110e+02
1.77165375174798e+02
7.76956433162721e+01
7.44712797391065e+01
6.70498257406380e+01
5.53466350087863e+01
4.61317283255721e+01
3.34304157540760e+01
1.13562073507047e+02
1.04457883435517e+02
9.68463781661531e+01
9.13671954479405e+01
8.57809175510182e+01
8.28081068923857e+01
1.69874070749091e+02
1.55125543202716e+02
1.39891922865303e+02
1.29357328367686e+02
1.20320426979912e+02
1.11133266684503e+02
2.25297368400901e+02
2.09505183523699e+02
1.91444018620443e+02
8.35715359186191e+01
7.33394165363224e+01
6.75589185429346e+01
5.94557834344301e+01
4.53063455507066e+01
3.51811492571064e+01
1.05083737868567e+02
9.79317172042550e+01
9.27402046383569e+01
8.76263104502868e+01
8.43206326316117e+01
7.91590365415609e+01
1.84135839087105e+02
1.66347382622794e+02
1.54608770021927e+02
1.44701124280344e+02
1.33991708622640e+02
1.24317016517307e+02
1.90280911702938e+02
1.74943962518768e+02
6.99090561889681e+01
6.34650856896594e+01
5.45876655538108e+01
4.78987763982277e+01
3.92911272464788e+01
2.58926779669426e+01
1.22787054615736e+02
1.17474204695998e+02
1.11665212575212e+02
1.08381408086405e+02
1.02756732767337e+02
9.24731389322058e+01
1.61677903160825e+02
1.49208855007603e+02
1.39424903082056e+02
1.29624520630682e+02
1.20984813861483e+02
1.13615469960839e+02
1.79205542380876e+02
1.12029590249576e+02
9.95751183344141e+01
8.66389796867463e+01
7.04389831961049e+01
5.64705282870176e+01
4.39242860227163e+01
1.20953851504863e+02
1.15766866924521e+02
1.13735861111451e+02
1.09176053560280e+02
9.99368092898880e+01
9.26032366983986e+01
1.84754738962135e+02
1.74239913787128e+02
1.60951665902011e+02
1.50222372481500e+02
1.41794202780062e+02
1.36068039010092e+02
6.28633521792670e+01
5.58867631023960e+01
4.79700534163744e+01
3.91598802880245e+01
3.05874071265110e+01
2.16461386880651e+01
1.23106300135956e+02
1.20862449207041e+02
1.16623014579486e+02
1.08676964121279e+02
1.01956722784926e+02
9.31309274154477e+01
1.60813752500544e+02
1.51616064499799e+02
1.41868148314639e+02
1.35805059066684e+02
1.30811499791721e+02
1.16344827155478e+02
1.02429009469035e+02
8.63591908405548e+01
7.21993788244717e+01
5.34538828555215e+01
3.88989336397279e+01
1.54469270223926e+02
1.50379184059614e+02
1.40968133356877e+02
1.33971976681362e+02
1.24830287477931e+02
1.14586651128051e+02
1.48292197205867e+02
1.43304178886809e+02
1.36941083684271e+02
1.34605899774566e+02
1.01849972194616e+02
8.93527546294351e+01
7.77164147470388e+01
6.15082431239400e+01
4.98569360215886e+01
3.29707080541199e+01
1.18180150215204e+02
1.11745512172314e+02
1.07410925730951e+02
1.01009568377842e+02
9.43577825024949e+01
8.62339499716987e+01
1.23258836181464e+02
1.22007599658554e+02
1.17888149393174e+02
6.40172721350860e+01
5.75028196920654e+01
4.83774370531231e+01
4.19289384461074e+01
3.09752445012543e+01
2.42225571723791e+01
1.00797446776607e+02
9.68652189553300e+01
9.20386097413675e+01
8.71030908798079e+01
8.07022493284486e+01
7.32499935796852e+01
1.07586201762063e+02
1.02747384528571e+02
7.69131719923878e+01
6.74612270886941e+01
6.05501808010204e+01
4.88017183934240e+01
4.06810032454741e+01
2.98448162071203e+01
1.05866993269333e+02
9.97312165295426e+01
9.45519395709101e+01
8.87150214783748e+01
8.20241562732598e+01
7.58229230829090e+01
1.09877846239020e+02
6.58425826411638e+01
6.04596332583331e+01
5.15737246007617e+01
4.50589431325274e+01
3.65826537719390e+01
2.40624603383748e+01
1.05373742065364e+02
1.00955286404850e+02
9.38001091073664e+01
8.69713609951279e+01
8.14303332202852e+01
7.34040504355170e+01
7.60215018458188e+01
6.64141619265933e+01
5.97057879821105e+01
5.12333462474331e+01
3.78663393168453e+01
2.64564339354514e+01
1.09651701039494e+02
1.03186496813269e+02
9.55275497887092e+01
8.66200431343432e+01
8.11705986751395e+01
7.83469947110443e+01
7.19723144221368e+01
6.33852983450245e+01
5.07222789090180e+01
3.93190904174376e+01
2.74707250511421e+01
1.01584634831147e+02
9.38509337523581e+01
8.67108270068725e+01
7.73227010974170e+01
7.14815793913021e+01
6.46141155861961e+01
5.43626969979947e+01
4.44164566444618e+01
3.44101330398872e+01
2.40656824207310e+01
9.66237206606699e+01
8.82668143991146e+01
8.03881405786298e+01
8.23229610629511e+01
7.07053442166830e+01
6.03891381005548e+01
5.02822932140587e+01
3.86472142283136e+01
2.75086945480362e+01
1.00407971792251e+02
9.25373364628704e+01
9.04620115258516e+01
7.68406649128691e+01
6.54023767158707e+01
5.37881165060028e+01
4.24733724256586e+01
2.89536538813600e+01
8.78763466121574e+01
7.65222138774287e+01
6.75764018891731e+01
5.59321944683502e+01
4.62051154993574e+01
3.58307972789601e+01
2.62937543898586e+01
7.17007788333622e+01
6.21567529226103e+01
4.94481954154990e+01
3.86522263249159e+01
2.79511953117185e+01
6.38575712052939e+01
5.35712120198716e+01
4.08950714270749e+01
2.80338570166468e+01
5.50174161604339e+01
4.26777307262924e+01
2.84936429758601e+01
3.96239353666780e+01
2.79712883406482e+01
2.59348516359214e+01
