3.33899869150275e+02
8.73010094573320e+01
6.96506359017230e+01
6.51861902901248e+01
4.99380951627186e+01
3.11310721210913e+01
5.80710288767831e+01
4.54297430036236e+01
3.02126605093876e+01
1.54535661779898e+01
6.17079754618913e+01
4.79408373711920e+01
3.32036998379118e+01
2.07498924696726e+01
1.13888615748263e+01
5.73300084709624e+01
4.88549224523929e+01
3.76581465625502e+01
2.51462571095049e+01
1.54005319210749e+01
8.36297315077779e+00
5.75649371037914e+01
4.86021658439007e+01
3.79468971610781e+01
2.90347270947327e+01
2.09788454021103e+01
1.27433994150632e+01
7.09233722730819e+00
5.86859507773885e+01
5.01195176995032e+01
4.30155825465936e+01
3.41687621994077e+01
2.52193781581268e+01
1.80166196151149e+01
1.28502904193462e+01
6.59428707470233e+00
6.12747524717407e+01
5.33935191323590e+01
4.41370769892310e+01
3.74657388675254e+01
2.91150750689905e+01
2.20797761961745e+01
1.58900235522299e+01
1.04519231731013e+01
6.66669467968949e+00
6.14714233709694e+01
5.50122532117416e+01
4.76970641342170e+01
3.92232433862369e+01
3.44239709405919e+01
2.74848353958008e+01
2.11475711549202e+01
1.53542891509558e+01
9.98732411452383e+00
5.47835591654698e+00
6.69479447144317e+01
6.03572931718194e+01
5.22159420191783e+01
4.46179141317964e+01
3.77481587734920e+01
3.40464906381618e+01
2.71671211312136e+01
2.10228561984577e+01
1.52224544461029e+01
1.04198908320527e+01
5.50119823815338e+00
6.86048297698884e+01
6.27309560884747e+01
5.55587324686903e+01
4.85199008598401e+01
4.11466186968869e+01
3.47569176784884e+01
7.47397738967049e+01
3.01049585912080e+01
2.56885557102750e+01
2.01312098189743e+01
1.54507296641754e+01
1.05557939260933e+01
5.50089882596061e+00
7.02808480353857e+01
6.30446013552724e+01
5.64096265975774e+01
4.93954843946977e+01
4.27136561238265e+01
3.61476830519730e+01
8.15520800802426e+01
7.61355502657823e+01
3.59582535914056e+01
3.02587457908310e+01
2.49996640237133e+01
1.77664800614908e+01
1.15079347617563e+01
7.30641966434760e+00
7.66014860292519e+01
6.86867377558977e+01
6.05824356770516e+01
5.30243469166554e+01
4.63874276713809e+01
3.95226314067960e+01
1.06385877954203e+02
1.00801607946223e+02
9.05816494725782e+01
3.69714987773087e+01
2.98627950750434e+01
2.38128486944247e+01
1.77575131681087e+01
1.20968072977780e+01
8.98214108393534e+00
9.20323473253604e+01
8.30707955320223e+01
7.34799929574340e+01
6.51943270405465e+01
5.69946266410318e+01
4.92820911770884e+01
1.36378936069592e+02
1.30318474298335e+02
1.18456519913990e+02
1.10895994144706e+02
5.21209773808784e+01
4.31532233234111e+01
3.19763658354782e+01
2.59450969067239e+01
2.14709153882079e+01
1.31733248602105e+01
1.16980831452498e+02
1.03926385970297e+02
9.44080103282880e+01
8.32812498324003e+01
7.30524142491359e+01
6.33963447507226e+01
1.65537467480688e+02
1.54651432421924e+02
1.44720134903524e+02
1.36748606344524e+02
1.23032448643958e+02
6.49621010170033e+01
5.21433507968483e+01
4.40479551507182e+01
3.44607728868197e+01
2.61964047163219e+01
1.95111055977608e+01
1.24486614573092e+02
1.16842072082775e+02
1.03474403119374e+02
9.33292502103494e+01
8.18193681494552e+01
6.94639771759303e+01
2.11508754677579e+02
1.98391666542697e+02
1.82751867701835e+02
1.68111421155478e+02
1.56638397217718e+02
1.46822207204503e+02
2.27912079638835e+02
6.26252976867156e+01
5.48188521039693e+01
4.67965248194914e+01
3.76781833822604e+01
2.63166282005334e+01
1.93240069584175e+01
1.48350777608403e+02
1.32544297554385e+02
1.24085019749263e+02
1.08880154799739e+02
9.53551583175517e+01
7.97763823993448e+01
2.32222648312080e+02
2.13350202212394e+02
1.97018100355590e+02
1.80112281611438e+02
1.63368428971658e+02
1.53441762985568e+02
2.38434513467413e+02
2.23958524666346e+02
9.03014832392943e+01
7.85560259350456e+01
6.61150165772567e+01
5.30955941904166e+01
4.15248311332724e+01
2.75630971737918e+01
1.60000897669972e+02
1.50894590356915e+02
1.33575005051403e+02
1.22403822553416e+02
1.03137353112108e+02
9.19846053753680e+01
2.25661802009153e+02
2.08408901403831e+02
1.89548897210986e+02
1.72355270381804e+02
1.58012220356272e+02
1.42498396473242e+02
2.69293470011585e+02
2.54267001359563e+02
2.35245181228971e+02
8.50057554867158e+01
7.30235612016334e+01
6.11258807419095e+01
5.12438570737609e+01
4.11362450208498e+01
2.93971626862149e+01
1.24402694911294e+02
1.15166680324854e+02
1.06364894746000e+02
9.06406617807718e+01
8.46818674414076e+01
7.49031972710065e+01
2.15618898806075e+02
1.97195798253599e+02
1.79742618577817e+02
1.64177248679343e+02
1.48719421405292e+02
1.35670791110783e+02
2.68890501439693e+02
2.54276347584128e+02
2.35852114774060e+02
2.19366957811372e+02
5.58268570263525e+01
4.90932524919118e+01
4.23383205178821e+01
3.61381117684472e+01
2.92115622063651e+01
2.25459757842444e+01
1.20091089757181e+02
1.06802586226774e+02
9.66444684420238e+01
9.17224412010896e+01
8.21389462105961e+01
7.64123798215564e+01
1.98671237762875e+02
1.81916753925995e+02
1.66880211687860e+02
1.51616561107244e+02
1.37699674289429e+02
1.24084584378841e+02
2.77580506284122e+02
2.63297973159219e+02
2.45170400348777e+02
2.28529382312620e+02
2.10265253561407e+02
8.32006342544151e+01
7.20318864948255e+01
6.48288432938475e+01
5.48358568775240e+01
4.56152711845455e+01
3.51513666306461e+01
1.25471986557560e+02
1.10811462173577e+02
1.00230477608009e+02
9.50512908142937e+01
8.94549128823322e+01
7.84892798274464e+01
2.12129432820298e+02
1.95969028738825e+02
1.78792234817495e+02
1.62944905214989e+02
1.47353824201783e+02
1.31593767405924e+02
3.04279623433982e+02
2.87156025036601e+02
2.67245212117591e+02
2.49790576451422e+02
2.30622276061728e+02
2.12153346689895e+02
3.05680402524777e+02
7.11289287384678e+01
6.83954274750472e+01
5.88968096265353e+01
5.33232598575350e+01
4.34581576577773e+01
2.88507779798911e+01
1.19047538698742e+02
1.08312828352349e+02
1.00244823001616e+02
9.02978549926133e+01
8.51302313622910e+01
8.15903575897002e+01
1.97290510686192e+02
1.80535210386206e+02
1.65944545508251e+02
1.50800348668890e+02
1.35247365113834e+02
1.19658096888078e+02
2.91043433299982e+02
2.72755356559872e+02
2.53699510681338e+02
2.34323966702592e+02
2.16481369031395e+02
2.00594307100586e+02
8.42486777343015e+01
7.49140563040667e+01
7.27802670296553e+01
6.06213050144238e+01
4.70411045376677e+01
3.69247677872119e+01
1.15564431439397e+02
1.06332237491772e+02
9.63881437998266e+01
8.85267182799509e+01
8.09374748351583e+01
7.88041716635778e+01
1.91233475161655e+02
1.76066459799831e+02
1.60497902198101e+02
1.45453946904292e+02
1.29499979343832e+02
1.18246727414296e+02
2.69170424281900e+02
2.50423508370045e+02
2.30111437316339e+02
2.13137597352981e+02
1.96343515278278e+02
7.22226044410873e+01
7.18899595654064e+01
6.31392601568935e+01
5.41878348266850e+01
4.17472754483290e+01
3.11665267881703e+01
1.09945119773430e+02
1.00465653669618e+02
9.19662177600984e+01
8.48053604529071e+01
8.05160548973699e+01
7.46016816380265e+01
1.81705388022012e+02
1.66643635344169e+02
1.51414164008980e+02
1.35448335277594e+02
1.25114097503437e+02
1.15950572090298e+02
2.28272571905090e+02
2.13162120707283e+02
1.95344415945620e+02
1.80144666657104e+02
7.76235828318271e+01
7.49328121988708e+01
6.71794175509010e+01
5.53328935759392e+01
4.63844694378314e+01
3.39988431374868e+01
1.13040051257828e+02
1.03790720804237e+02
9.64488855637518e+01
9.12267206816330e+01
8.56276246292648e+01
8.30698262957611e+01
1.71185951237964e+02
1.56333033244126e+02
1.40931429343405e+02
1.30315030948324e+02
1.21035316988482e+02
1.11753267575247e+02
2.24005529600283e+02
2.08414365580003e+02
1.90373346754398e+02
8.44544910754984e+01
7.33294702427957e+01
6.79085882948411e+01
5.98857708449711e+01
4.55849033462638e+01
3.55526506946217e+01
1.06423296365344e+02
9.93297963624820e+01
9.41071750961005e+01
8.90440869244497e+01
8.59722612622758e+01
8.10891242730428e+01
1.82991614466328e+02
1.65219458785674e+02
1.53616095506271e+02
1.43689756574984e+02
1.32948862071738e+02
1.23199366708908e+02
1.91380131555334e+02
1.76055888627605e+02
7.19805489057433e+01
6.56802106735182e+01
5.61540688666678e+01
4.96242985148046e+01
4.07591706805281e+01
2.63964806385663e+01
1.21530423935102e+02
1.16502181569333e+02
1.10815198553819e+02
1.07695963692097e+02
1.02731649383735e+02
9.18031661694788e+01
1.62932868768158e+02
1.50320023107334e+02
1.40364524401375e+02
1.30473769004389e+02
1.21760318784625e+02
1.14385757098204e+02
1.78771282934597e+02
1.08498030038935e+02
9.61186608802998e+01
8.41478258089024e+01
6.77443320075206e+01
5.43934922775439e+01
4.28410604738522e+01
1.20749633245895e+02
1.15426096082870e+02
1.13697063969583e+02
1.09664473744500e+02
9.95303170648978e+01
9.25998994015576e+01
1.82700719185078e+02
1.72349297473329e+02
1.59044634149540e+02
1.48380914045935e+02
1.40177308810401e+02
1.34728725726786e+02
6.65201063975607e+01
5.93602960361734e+01
5.06612483055328e+01
4.15252420763865e+01
3.22982205064482e+01
2.25567753334729e+01
1.23860308879362e+02
1.21841226739724e+02
1.17906987709133e+02
1.09188288298141e+02
1.02761502844220e+02
9.34412081124872e+01
1.60669161693633e+02
1.51575697221445e+02
1.41820352525153e+02
1.35925990635975e+02
1.30940161519240e+02
1.13682534880714e+02
9.97890075719519e+01
8.41931989944534e+01
7.03423198124004e+01
5.18079937212991e+01
3.79067245048295e+01
1.52251261456412e+02
1.48756940205348e+02
1.38564166444261e+02
1.31828797167550e+02
1.22527422950328e+02
1.12879340254653e+02
1.47429462728452e+02
1.42778323588911e+02
1.36301600021292e+02
1.34218551405850e+02
1.00703065882159e+02
8.81750523180756e+01
7.68329099005814e+01
6.04497855268458e+01
4.94714478586540e+01
3.23215669094151e+01
1.19770801554283e+02
1.12639212456699e+02
1.08473144158343e+02
1.01720897503389e+02
9.51542984738631e+01
8.66041996490975e+01
1.23416150441234e+02
1.22497707922463e+02
1.18647667612386e+02
6.58416877558256e+01
5.91890849601702e+01
4.93892744705589e+01
4.32458837948733e+01
3.16204120371697e+01
2.49439154281192e+01
1.01546023520231e+02
9.77219307667991e+01
9.26752184051408e+01
8.78995025114574e+01
8.10953088149507e+01
7.35180516134133e+01
1.08836088431242e+02
1.03540804971215e+02
7.56907517681899e+01
6.61002663059288e+01
5.97517177361350e+01
4.75581444225073e+01
3.99870134326449e+01
2.94979510311881e+01
1.05627409616764e+02
9.92340223293419e+01
9.42367607731484e+01
8.81527314783577e+01
8.15176959692252e+01
7.52975494329670e+01
1.09613795137944e+02
6.58550734738346e+01
6.06505764380628e+01
5.14028989461712e+01
4.51731440085770e+01
3.65576922512341e+01
2.38659004187282e+01
1.05462678580738e+02
1.01327515195195e+02
9.38084453204802e+01
8.69717470706701e+01
8.14554836633783e+01
7.32068748663001e+01
7.59250973174100e+01
6.59576429654264e+01
5.93646839758794e+01
5.09966295298405e+01
3.74963377736455e+01
2.59567496256861e+01
1.08244128739677e+02
1.02020917748729e+02
9.43594901479978e+01
8.53197289150485e+01
8.02998049344152e+01
7.64894334479372e+01
7.04789427450868e+01
6.20866478830907e+01
4.93144759257999e+01
3.82827507481433e+01
2.67476579734061e+01
1.01408775408847e+02
9.36349656737584e+01
8.67126878211294e+01
7.70205245327715e+01
7.32047044857157e+01
6.62789018950179e+01
5.55763912936660e+01
4.54595144725414e+01
3.50320143254333e+01
2.45534530362208e+01
9.70119501568591e+01
8.84996201932199e+01
8.07153733846090e+01
8.12991173126923e+01
6.96187438594398e+01
5.96032564134805e+01
4.96113788455446e+01
3.81049057608499e+01
2.71744100952792e+01
9.95372601265046e+01
9.19825577175822e+01
9.01666970724140e+01
7.65981227031616e+01
6.51393101031169e+01
5.36700466847653e+01
4.26448728151436e+01
2.88311173055811e+01
8.83566520930684e+01
7.80244414549492e+01
6.90646472413222e+01
5.71173059957078e+01
4.73681185121940e+01
3.66708440878096e+01
2.71783377600753e+01
7.22535086608942e+01
6.30338605008066e+01
4.99552647117363e+01
3.91886708562252e+01
2.86328161516572e+01
6.38615881762861e+01
5.39315837846710e+01
4.12097400105155e+01
2.80807513868371e+01
5.49456713814904e+01
4.27335650975542e+01
2.83882153208424e+01
3.96819750951330e+01
2.82939619224726e+01
2.64770546874441e+01
